100
0 38 13 73 10 76 6 80 65 17 2 77 72 7 26 51 21 19 85 12 29 30 15 51 69 88 88 95 97 87 14 10 8 64 62 23 58 2 1 61 82 9 89 14 48 73 31 72 4 71 22 50 58 4 69 25 44 77 27 53 81 42 83 16 65 69 26 99 88 8 27 26 23 10 68 24 28 38 58 84 39 9 33 35 11 24 16 88 26 72 93 75 63 47 33 89 24 56 66 78 
38 0 4 1 78 7 53 86 71 3 77 92 22 76 8 78 73 76 77 44 21 31 37 8 46 69 58 83 97 14 11 24 82 8 25 75 93 21 33 13 66 95 61 25 83 98 3 93 99 11 55 97 83 87 71 67 72 49 55 16 6 18 43 21 49 23 14 98 54 85 11 97 56 62 57 90 22 97 84 26 15 14 85 44 7 78 57 60 16 25 10 67 72 54 70 37 22 41 78 92 
13 4 0 50 48 78 41 79 46 88 17 29 46 68 67 79 47 1 30 64 76 36 54 94 34 3 85 84 49 55 33 29 56 83 32 29 95 75 9 33 9 85 78 51 80 42 65 84 25 21 45 16 31 92 15 20 27 87 8 54 48 61 35 33 20 68 25 84 95 39 48 6 80 64 88 33 43 75 67 89 99 31 18 69 65 61 79 18 40 36 82 29 23 39 42 75 78 71 26 49 
73 1 50 0 51 63 45 55 1 87 17 20 10 93 52 11 69 24 15 64 22 47 4 57 89 81 47 55 80 72 15 78 16 26 54 85 59 86 30 45 38 23 92 55 77 13 60 27 77 72 88 40 44 77 39 92 70 99 34 44 27 57 70 74 53 90 28 44 2 83 95 97 27 85 31 65 23 99 53 4 71 13 40 84 49 62 71 14 37 24 23 67 93 96 54 10 42 58 89 94 
10 78 48 51 0 77 83 12 37 17 31 85 58 36 42 82 3 86 94 37 47 81 28 73 29 3 14 42 37 41 19 98 39 64 47 90 3 99 29 79 76 59 43 27 22 59 17 93 38 12 23 7 97 15 88 76 36 64 33 92 50 1 23 98 71 37 19 28 29 53 95 51 47 8 86 17 30 12 62 15 31 9 41 49 31 24 67 93 65 13 18 34 11 29 76 6 82 6 43 87 
76 7 78 63 77 0 53 58 57 79 88 82 11 73 49 20 13 26 78 17 5 89 28 51 69 4 59 13 3 77 97 97 62 16 75 13 19 31 60 6 17 96 97 61 44 32 45 25 63 80 22 20 78 34 5 40 68 35 35 43 79 83 39 49 82 6 92 9 41 70 6 8 79 38 79 34 28 52 78 31 44 47 10 68 4 68 55 98 64 81 29 38 65 38 94 19 79 71 93 53 
6 53 41 45 83 53 0 11 33 47 64 94 19 37 30 40 29 55 30 56 91 28 61 13 18 72 92 8 84 57 52 33 77 63 52 97 31 23 6 92 96 23 77 23 19 94 30 19 53 32 50 99 84 94 46 52 87 16 72 49 29 84 28 44 20 80 71 89 87 12 66 94 16 52 99 87 46 64 43 23 83 41 45 17 18 89 1 98 83 72 15 37 27 33 2 49 89 23 35 95 
80 86 79 55 12 58 11 0 22 69 68 49 19 98 12 12 53 77 69 46 65 90 41 8 8 34 59 8 35 5 6 62 51 77 46 97 22 93 72 93 26 98 2 14 39 86 28 39 85 34 2 32 39 29 76 32 52 67 68 33 75 33 98 6 1 38 73 44 25 17 97 97 42 25 22 28 47 36 63 69 63 33 46 89 43 58 26 33 34 7 66 52 32 8 14 4 29 16 30 67 
65 71 46 1 37 57 33 22 0 62 84 97 59 83 35 31 58 97 50 47 84 42 21 41 51 5 10 1 91 22 75 22 34 39 38 44 34 96 42 72 70 71 24 87 40 32 38 39 57 88 29 37 67 11 85 1 17 31 4 79 60 54 70 50 75 47 28 34 73 69 40 33 98 8 34 63 15 78 44 62 86 37 13 54 27 83 13 26 2 42 56 56 65 16 93 41 61 71 50 51 
17 3 88 87 17 79 47 69 62 0 33 91 21 53 39 66 81 58 53 90 20 95 65 43 48 22 98 2 90 39 13 19 78 78 89 91 84 40 99 16 38 97 37 99 2 33 31 8 51 51 33 44 42 70 2 98 52 31 83 50 82 83 96 72 22 19 47 45 92 10 5 78 64 24 96 60 65 83 32 2 85 79 69 55 26 84 28 57 93 9 56 77 47 50 12 9 62 75 24 89 
2 77 17 17 31 88 64 68 84 33 0 90 83 83 6 43 47 22 52 74 43 14 19 24 46 96 53 34 55 15 58 62 41 73 66 23 3 87 2 73 52 72 88 78 63 49 1 43 40 4 58 44 54 44 75 99 98 76 60 67 75 92 6 27 68 32 12 4 55 2 14 60 57 82 9 39 5 71 77 74 6 80 85 60 32 91 8 67 33 47 76 83 45 65 38 48 74 91 85 16 
77 92 29 20 85 82 94 49 97 91 90 0 66 53 70 67 90 29 20 18 6 80 11 30 18 82 47 8 18 87 62 65 8 30 56 29 44 99 56 6 51 93 64 53 35 99 84 78 38 90 55 5 44 12 30 77 90 33 51 52 43 24 90 44 89 96 29 65 87 59 89 52 23 11 32 10 7 31 68 19 13 74 75 92 66 86 54 43 7 10 37 88 60 9 54 88 19 22 68 15 
72 22 46 10 58 11 19 19 59 21 83 66 0 21 86 10 43 67 21 17 59 78 43 36 76 29 86 35 45 93 83 9 31 65 78 19 39 12 57 53 84 77 69 26 70 32 60 63 30 67 33 72 61 94 73 28 98 94 69 39 61 98 10 68 79 64 21 36 56 29 46 93 57 52 5 80 76 32 77 53 39 84 81 75 71 27 58 31 65 39 19 96 42 96 58 49 43 53 23 65 
7 76 68 93 36 73 37 98 83 53 83 53 21 0 71 62 61 97 28 1 27 51 21 27 66 78 19 61 83 60 63 39 24 69 70 62 88 67 20 37 18 22 78 27 33 9 9 21 69 83 55 86 94 75 90 24 95 91 14 12 43 11 89 25 48 69 44 92 14 7 3 68 94 5 29 36 83 78 47 79 7 92 81 21 24 64 72 7 22 65 51 91 10 93 68 86 34 72 9 52 
26 8 67 52 42 49 30 12 35 39 6 70 86 71 0 34 62 8 60 42 28 52 41 72 46 95 10 89 47 59 22 55 1 20 20 86 28 98 22 95 19 68 36 96 30 23 57 11 43 73 32 13 83 8 88 9 62 24 35 95 4 56 69 16 25 95 63 27 99 48 88 36 17 88 91 79 88 58 25 56 50 53 25 16 68 74 47 21 67 95 13 26 1 98 99 78 12 91 25 55 
51 78 79 11 82 20 40 12 31 66 43 67 10 62 34 0 48 78 41 60 96 80 90 32 57 34 39 93 21 15 10 68 82 80 4 48 71 43 6 21 58 60 55 78 25 59 80 37 81 59 52 64 74 84 89 83 56 79 71 28 24 54 70 69 24 47 40 67 78 27 25 18 88 2 46 59 22 18 57 34 44 76 99 3 97 91 84 27 27 53 56 8 63 32 80 93 77 47 88 71 
21 73 47 69 3 13 29 53 58 81 47 90 43 61 62 48 0 70 56 93 99 88 86 75 16 15 57 88 2 85 76 77 91 19 63 46 66 53 29 88 39 21 98 52 60 95 65 15 98 53 45 17 65 31 83 11 46 89 79 60 98 43 65 6 91 77 56 43 21 89 69 19 93 50 84 16 18 62 8 65 56 3 91 5 17 78 69 31 53 85 37 99 60 32 36 33 51 52 6 34 
19 76 1 24 86 26 55 77 97 58 22 29 67 97 8 78 70 0 1 10 32 36 89 61 39 12 45 44 8 63 57 97 94 53 25 44 52 11 95 50 19 11 62 40 7 8 80 13 1 4 52 16 68 82 60 67 16 62 65 20 45 88 62 22 1 64 95 85 2 85 61 77 23 15 25 47 33 81 71 55 25 78 90 36 58 32 40 15 94 49 14 20 16 98 42 36 26 52 35 23 
85 77 30 15 94 78 30 69 50 53 52 20 21 28 60 41 56 1 0 34 62 79 8 33 4 68 96 58 97 47 90 22 93 85 59 65 41 79 79 63 63 48 28 72 43 15 94 52 19 79 11 36 50 94 80 90 5 6 87 30 54 81 73 30 39 79 55 43 65 69 45 85 74 51 81 51 36 73 16 40 3 36 98 80 16 16 95 67 35 84 94 19 75 19 26 18 50 38 21 41 
12 44 64 64 37 17 56 46 47 90 74 18 17 1 42 60 93 10 34 0 53 24 19 80 52 33 38 31 41 51 74 69 81 16 64 65 92 21 55 24 7 25 1 49 81 29 89 2 74 22 1 77 33 41 82 84 31 88 54 34 83 23 4 35 50 89 71 38 34 13 38 80 66 7 80 93 4 33 86 45 30 47 68 67 29 58 85 44 95 94 21 53 32 26 64 53 60 18 23 55 
29 21 76 22 47 5 91 65 84 20 43 6 59 27 28 96 99 32 62 53 0 14 31 24 51 22 72 4 24 13 78 8 53 31 27 9 97 85 82 74 40 57 61 26 66 96 28 19 87 2 35 3 18 86 12 94 54 60 83 12 84 4 84 1 94 86 52 92 33 87 85 82 6 12 70 10 47 75 94 33 39 43 64 24 41 64 64 32 19 41 6 93 80 83 75 41 26 69 50 83 
30 31 36 47 81 89 28 90 42 95 14 80 78 51 52 80 88 36 79 24 14 0 87 47 14 22 81 82 95 50 52 15 31 11 86 5 8 55 60 85 99 42 36 57 14 12 53 67 22 82 95 35 62 92 86 61 93 99 92 75 9 76 82 28 26 87 37 15 4 93 85 73 44 9 56 18 61 33 99 84 28 96 53 51 81 92 80 27 38 25 57 41 53 39 20 45 21 64 22 66 
15 37 54 4 28 28 61 41 21 65 19 11 43 21 41 90 86 89 8 19 31 87 0 69 93 19 69 17 79 60 57 45 36 40 62 33 68 54 63 76 9 35 34 93 26 68 2 99 9 90 28 30 90 78 11 62 17 80 75 77 98 1 31 4 82 65 39 68 31 22 27 96 11 70 34 37 10 1 56 70 11 4 40 78 38 17 26 47 8 44 1 57 15 56 56 53 79 98 54 61 
51 8 94 57 73 51 13 8 41 43 24 30 36 27 72 32 75 61 33 80 24 47 69 0 1 15 61 67 96 40 72 8 17 67 62 70 51 59 80 15 78 13 12 80 96 35 7 70 86 45 71 73 13 47 83 8 30 61 83 74 47 87 85 98 48 89 74 77 88 46 37 88 40 38 7 44 59 2 84 30 49 56 46 9 35 30 1 80 20 5 72 2 9 27 41 90 33 71 97 8 
69 46 34 89 29 69 18 8 51 48 46 18 76 66 46 57 16 39 4 52 51 14 93 1 0 39 82 30 4 75 51 92 17 50 43 71 9 32 26 35 55 98 97 71 6 64 95 25 47 21 23 1 70 23 28 26 65 46 39 58 53 53 33 70 80 6 34 65 54 54 54 13 81 97 34 52 56 81 55 13 86 11 82 79 72 85 30 13 64 8 71 83 64 65 45 70 76 89 35 15 
88 69 3 81 3 4 72 34 5 22 96 82 29 78 95 34 15 12 68 33 22 22 19 15 39 0 60 89 34 25 4 42 31 23 54 97 92 92 83 98 37 7 39 99 32 63 48 63 35 72 43 21 91 51 23 3 64 1 93 6 73 53 10 95 98 12 99 41 92 77 88 62 3 23 83 94 99 48 30 96 99 81 2 76 2 53 93 65 76 79 63 77 49 37 50 15 74 22 33 72 
88 58 85 47 14 59 92 59 10 98 53 47 86 19 10 39 57 45 96 38 72 81 69 61 82 60 0 1 47 25 81 38 17 53 69 93 91 8 61 10 35 64 67 69 14 67 92 1 35 71 17 38 18 39 83 15 38 63 1 34 50 78 32 58 59 74 77 29 77 54 59 32 95 14 39 92 88 60 47 63 87 62 40 72 3 60 26 58 33 31 53 92 42 79 58 46 86 26 74 75 
95 83 84 55 42 13 8 8 1 2 34 8 35 61 89 93 88 44 58 31 4 82 17 67 30 89 1 0 7 3 31 78 79 92 97 43 19 84 90 89 57 43 5 12 25 23 7 5 80 29 54 31 22 28 6 36 73 83 49 52 95 25 77 41 86 29 41 48 24 29 85 90 38 6 24 69 21 14 57 30 29 92 55 29 64 82 61 70 84 73 80 49 53 93 93 97 58 95 40 91 
97 97 49 80 37 3 84 35 91 90 55 18 45 83 47 21 2 8 97 41 24 95 79 96 4 34 47 7 0 79 62 58 6 77 26 80 94 38 45 61 16 93 42 64 8 3 47 76 53 67 26 38 4 26 85 65 1 53 82 47 85 18 55 36 79 61 51 47 24 66 1 33 13 91 76 26 56 70 6 15 88 3 92 65 99 88 59 25 46 15 78 87 33 92 73 39 84 21 25 72 
87 14 55 72 41 77 57 5 22 39 15 87 93 60 59 15 85 63 47 51 13 50 60 40 75 25 25 3 79 0 28 38 96 83 17 55 97 53 74 6 67 81 95 51 3 90 33 8 90 86 37 67 74 12 36 43 40 53 94 85 21 74 8 53 70 58 63 90 84 17 29 46 83 82 69 68 62 84 70 39 75 64 73 13 35 25 84 35 23 90 41 88 76 78 39 76 22 16 56 69 
14 11 33 15 19 97 52 6 75 13 58 62 83 63 22 10 76 57 90 74 78 52 57 72 51 4 81 31 62 28 0 83 69 12 37 58 28 80 2 13 2 9 90 64 91 16 86 81 85 28 94 8 15 76 13 62 21 38 63 67 34 58 75 73 6 1 3 5 65 58 36 31 5 76 81 15 3 53 55 16 97 89 1 60 63 2 92 68 82 42 84 45 98 7 88 57 50 48 73 60 
10 24 29 78 98 97 33 62 22 19 62 65 9 39 55 68 77 97 22 69 8 15 45 8 92 42 38 78 58 38 83 0 94 83 81 99 93 39 11 88 66 96 89 60 74 96 92 35 51 52 83 83 52 92 25 56 69 66 38 58 98 88 45 58 42 33 28 56 64 81 92 77 57 27 63 54 93 23 39 21 59 44 20 46 76 38 85 35 88 59 2 41 86 38 59 8 25 25 84 42 
8 82 56 16 39 62 77 51 34 78 41 8 31 24 1 82 91 94 93 81 53 31 36 17 17 31 17 79 6 96 69 94 0 95 28 33 15 26 14 79 37 25 4 57 94 32 29 77 3 61 60 73 41 16 38 8 83 39 48 61 61 49 83 9 86 69 40 64 55 14 62 41 74 75 69 25 26 34 19 79 47 79 8 78 9 39 50 15 18 46 58 78 88 27 32 59 24 38 43 94 
64 8 83 26 64 16 63 77 39 78 73 30 65 69 20 80 19 53 85 16 31 11 40 67 50 23 53 92 77 83 12 83 95 0 90 82 97 27 47 19 25 40 76 40 7 69 40 47 22 68 74 25 72 33 13 87 66 8 3 97 21 4 86 95 36 18 18 56 44 53 96 26 90 30 52 68 48 21 72 80 9 24 61 57 10 47 61 66 63 22 14 23 28 26 18 33 94 15 86 53 
62 25 32 54 47 75 52 46 38 89 66 56 78 70 20 4 63 25 59 64 27 86 62 62 43 54 69 97 26 17 37 81 28 90 0 26 61 84 69 90 25 58 64 13 19 27 78 26 1 23 15 75 40 76 20 10 72 54 67 28 89 3 72 86 20 15 14 98 83 23 62 82 12 29 45 3 4 11 32 92 97 30 56 30 34 42 66 50 26 86 49 54 49 1 39 8 22 6 16 78 
23 75 29 85 90 13 97 97 44 91 23 29 19 62 86 48 46 44 65 65 9 5 33 70 71 97 93 43 80 55 58 99 33 82 26 0 81 64 98 31 33 73 45 41 68 25 79 68 51 49 36 53 32 2 65 32 19 67 16 44 40 21 2 1 46 83 30 27 8 53 4 22 84 80 63 70 68 9 73 44 96 90 77 73 59 69 59 82 64 93 53 38 48 52 24 71 1 24 23 88 
58 93 95 59 3 19 31 22 34 84 3 44 39 88 28 71 66 52 41 92 97 8 68 51 9 92 91 19 94 97 28 93 15 97 61 81 0 60 9 3 19 4 15 80 68 35 82 65 45 43 35 79 45 61 68 43 23 42 69 42 40 81 43 68 99 14 26 39 76 6 93 23 40 74 15 48 72 2 34 71 61 20 16 98 99 54 70 21 36 39 50 82 59 13 76 54 25 96 23 34 
2 21 75 86 99 31 23 93 96 40 87 99 12 67 98 43 53 11 79 21 85 55 54 59 32 92 8 84 38 53 80 39 26 27 84 64 60 0 25 31 88 1 88 36 46 64 9 42 15 63 11 30 31 38 98 40 11 68 55 78 46 74 69 24 82 65 82 82 33 94 15 31 39 97 88 1 38 67 43 62 19 1 46 83 95 72 71 97 54 1 43 41 40 25 41 93 73 32 5 30 
1 33 9 30 29 60 6 72 42 99 2 56 57 20 22 6 29 95 79 55 82 60 63 80 26 83 61 90 45 74 2 11 14 47 69 98 9 25 0 36 36 49 31 48 1 80 8 53 10 25 52 86 92 76 15 82 62 41 13 28 45 1 55 65 17 91 18 60 91 96 38 73 84 82 40 44 71 91 24 31 74 64 91 49 45 95 17 60 91 45 86 49 18 52 49 7 77 67 87 36 
61 13 33 45 79 6 92 93 72 16 73 6 53 37 95 21 88 50 63 24 74 85 76 15 35 98 10 89 61 6 13 88 79 19 90 31 3 31 36 0 45 79 99 1 39 19 82 37 49 4 52 49 4 89 58 17 88 64 87 22 34 95 32 69 39 72 70 54 13 97 47 41 18 94 79 62 36 59 32 31 49 31 97 97 21 7 75 36 37 74 39 72 57 72 68 50 62 83 99 84 
82 66 9 38 76 17 96 26 70 38 52 51 84 18 19 58 39 19 63 7 40 99 9 78 55 37 35 57 16 67 2 66 37 25 25 33 19 88 36 45 0 86 88 48 1 66 22 22 40 77 61 3 41 78 44 84 60 67 79 86 51 23 38 14 16 85 47 39 90 55 28 30 49 16 74 30 52 50 89 65 14 53 95 60 35 4 65 81 93 58 1 10 91 39 18 14 43 53 10 39 
9 95 85 23 59 96 23 98 71 97 72 93 77 22 68 60 21 11 48 25 57 42 35 13 98 7 64 43 93 81 9 96 25 40 58 73 4 1 49 79 86 0 26 58 82 52 70 54 90 70 30 91 63 77 21 56 89 96 2 63 55 11 32 70 96 48 49 11 41 26 73 88 23 50 56 89 4 29 25 21 66 88 10 12 22 59 88 95 65 79 88 72 87 83 1 43 35 67 58 93 
89 61 78 92 43 97 77 2 24 37 88 64 69 78 36 55 98 62 28 1 61 36 34 12 97 39 67 5 42 95 90 89 4 76 64 45 15 88 31 99 88 26 0 7 71 3 13 91 5 1 35 77 9 24 62 28 16 12 86 54 91 48 61 89 30 84 51 70 39 84 75 96 48 6 60 12 36 52 85 74 13 36 17 10 85 59 49 22 48 72 57 52 68 4 93 51 54 88 80 93 
14 25 51 55 27 61 23 14 87 99 78 53 26 27 96 78 52 40 72 49 26 57 93 80 71 99 69 12 64 51 64 60 57 40 13 41 80 36 48 1 48 58 7 0 40 81 83 83 3 31 86 48 66 42 57 42 80 45 95 80 87 34 55 16 28 38 6 65 35 43 88 45 91 43 45 53 89 58 81 3 65 74 96 50 32 32 42 40 15 3 48 36 51 33 33 42 43 96 17 84 
48 83 80 77 22 44 19 39 40 2 63 35 70 33 30 25 60 7 43 81 66 14 26 96 6 32 14 25 8 3 91 74 94 7 19 68 68 46 1 39 1 82 71 40 0 29 32 92 12 39 88 17 57 10 65 84 27 3 39 86 31 87 54 32 31 37 16 22 93 48 74 45 5 67 44 19 60 91 30 78 10 24 91 9 92 15 88 48 73 38 42 90 31 40 6 34 75 20 94 38 
73 98 42 13 59 32 94 86 32 33 49 99 32 9 23 59 95 8 15 29 96 12 68 35 64 63 67 23 3 90 16 96 32 69 27 25 35 64 80 19 66 52 3 81 29 0 90 16 13 98 65 1 70 51 48 19 69 68 67 75 70 56 66 82 51 49 5 51 57 79 39 11 95 25 40 59 56 1 39 94 86 96 71 74 56 16 97 50 56 7 33 30 94 79 20 29 79 42 93 25 
31 3 65 60 17 45 30 28 38 31 1 84 60 9 57 80 65 80 94 89 28 53 2 7 95 48 92 7 47 33 86 92 29 40 78 79 82 9 8 82 22 70 13 83 32 90 0 90 11 70 16 47 30 45 20 84 75 80 45 99 13 87 78 50 32 54 88 93 79 3 70 97 23 43 3 21 57 40 38 27 22 4 63 29 10 55 2 29 7 45 68 33 30 70 13 91 16 75 93 17 
72 93 84 27 93 25 19 39 39 8 43 78 63 21 11 37 15 13 52 2 19 67 99 70 25 63 1 5 76 8 81 35 77 47 26 68 65 42 53 37 22 54 91 83 92 16 90 0 24 16 12 5 72 95 25 81 38 64 61 82 50 79 12 1 48 24 82 91 13 57 82 29 36 81 9 17 7 22 35 48 46 43 26 36 76 27 54 88 75 67 78 61 53 50 37 61 96 48 70 35 
4 99 25 77 38 63 53 85 57 51 40 38 30 69 43 81 98 1 19 74 87 22 9 86 47 35 35 80 53 90 85 51 3 22 1 51 45 15 10 49 40 90 5 3 12 13 11 24 0 62 33 48 19 92 92 74 82 13 42 58 71 3 35 81 67 88 72 15 27 40 91 59 46 83 85 53 14 10 26 48 65 89 40 86 22 46 45 89 84 69 68 71 36 35 25 62 88 74 21 77 
71 11 21 72 12 80 32 34 88 51 4 90 67 83 73 59 53 4 79 22 2 82 90 45 21 72 71 29 67 86 28 52 61 68 23 49 43 63 25 4 77 70 1 31 39 98 70 16 62 0 73 59 56 16 83 42 64 28 97 83 90 72 74 97 61 90 80 89 23 35 56 8 38 99 1 76 74 64 58 65 40 15 23 27 16 82 77 93 27 50 89 33 26 99 53 61 78 6 47 65 
22 55 45 88 23 22 50 2 29 33 58 55 33 55 32 52 45 52 11 1 35 95 28 71 23 43 17 54 26 37 94 83 60 74 15 36 35 11 52 52 61 30 35 86 88 65 16 12 33 73 0 11 98 2 57 73 92 57 22 87 38 73 75 93 15 15 50 89 46 87 31 84 78 72 59 63 43 19 59 76 13 29 46 50 95 23 77 57 90 39 87 12 20 89 51 75 92 91 41 60 
50 97 16 40 7 20 99 32 37 44 44 5 72 86 13 64 17 16 36 77 3 35 30 73 1 21 38 31 38 67 8 83 73 25 75 53 79 30 86 49 3 91 77 48 17 1 47 5 48 59 11 0 3 9 76 72 30 96 11 73 64 14 36 62 28 6 49 37 83 68 7 39 19 72 54 16 53 47 98 75 54 4 25 44 26 27 2 7 19 35 32 97 81 99 44 52 37 83 9 3 
58 83 31 44 97 78 84 39 67 42 54 44 61 94 83 74 65 68 50 33 18 62 90 13 70 91 18 22 4 74 15 52 41 72 40 32 45 31 92 4 41 63 9 66 57 70 30 72 19 56 98 3 0 20 63 95 76 26 36 80 63 77 77 75 71 48 79 32 34 44 10 57 87 47 38 37 11 51 78 20 46 35 36 8 72 2 4 47 62 7 4 9 37 85 49 82 15 16 49 44 
4 87 92 77 15 34 94 29 11 70 44 12 94 75 8 84 31 82 94 41 86 92 78 47 23 51 39 28 26 12 76 92 16 33 76 2 61 38 76 89 78 77 24 42 10 51 45 95 92 16 2 9 20 0 44 58 86 68 47 51 3 1 82 59 19 46 66 28 97 84 59 21 97 44 85 12 99 91 47 38 89 41 7 45 31 59 34 66 22 90 58 1 78 68 16 71 4 48 43 2 
69 71 15 39 88 5 46 76 85 2 75 30 73 90 88 89 83 60 80 82 12 86 11 83 28 23 83 6 85 36 13 25 38 13 20 65 68 98 15 58 44 21 62 57 65 48 20 25 92 83 57 76 63 44 0 82 48 17 69 22 62 30 45 97 67 35 89 87 78 98 39 11 22 17 79 8 54 54 68 78 13 87 86 29 14 62 7 58 46 62 52 94 7 58 41 8 5 93 8 19 
25 67 20 92 76 40 52 32 1 98 99 77 28 24 9 83 11 67 90 84 94 61 62 8 26 3 15 36 65 43 62 56 8 87 10 32 43 40 82 17 84 56 28 42 84 19 84 81 74 42 73 72 95 58 82 0 52 73 3 83 47 19 87 30 36 12 53 77 38 79 70 25 70 30 78 25 43 11 66 86 54 21 14 27 7 32 84 50 66 55 1 51 82 38 77 71 21 55 16 46 
44 72 27 70 36 68 87 52 17 52 98 90 98 95 62 56 46 16 5 31 54 93 17 30 65 64 38 73 1 40 21 69 83 66 72 19 23 11 62 88 60 89 16 80 27 69 75 38 82 64 92 30 76 86 48 52 0 30 71 15 14 77 82 48 44 76 63 26 26 73 43 62 45 45 54 33 29 6 21 62 8 52 98 51 84 22 10 78 12 68 36 38 42 10 16 94 86 77 30 53 
77 49 87 99 64 35 16 67 31 31 76 33 94 91 24 79 89 62 6 88 60 99 80 61 46 1 63 83 53 53 38 66 39 8 54 67 42 68 41 64 67 96 12 45 3 68 80 64 13 28 57 96 26 68 17 73 30 0 26 87 38 16 23 92 37 46 67 4 59 96 73 73 90 17 86 75 33 63 7 74 38 3 46 14 42 34 4 5 31 66 70 89 75 37 66 57 78 71 17 43 
27 55 8 34 33 35 72 68 4 83 60 51 69 14 35 71 79 65 87 54 83 92 75 83 39 93 1 49 82 94 63 38 48 3 67 16 69 55 13 87 79 2 86 95 39 67 45 61 42 97 22 11 36 47 69 3 71 26 0 98 58 94 6 90 88 30 96 70 87 42 82 52 47 59 40 84 16 76 94 94 53 57 26 80 37 5 83 95 12 43 23 85 29 57 33 59 87 69 67 23 
53 16 54 44 92 43 49 33 79 50 67 52 39 12 95 28 60 20 30 34 12 75 77 74 58 6 34 52 47 85 67 58 61 97 28 44 42 78 28 22 86 63 54 80 86 75 99 82 58 83 87 73 80 51 22 83 15 87 98 0 3 74 2 34 81 8 64 70 6 43 16 36 47 82 24 21 5 24 26 47 32 26 19 12 54 46 7 21 6 68 12 45 45 27 86 57 81 54 38 47 
81 6 48 27 50 79 29 75 60 82 75 43 61 43 4 24 98 45 54 83 84 9 98 47 53 73 50 95 85 21 34 98 61 21 89 40 40 46 45 34 51 55 91 87 31 70 13 50 71 90 38 64 63 3 62 47 14 38 58 3 0 12 65 57 84 23 57 77 75 72 37 51 32 24 29 1 40 62 33 67 59 47 80 38 54 91 89 34 35 26 79 20 84 53 76 85 64 97 80 99 
42 18 61 57 1 83 84 33 54 83 92 24 98 11 56 54 43 88 81 23 4 76 1 87 53 53 78 25 18 74 58 88 49 4 3 21 81 74 1 95 23 11 48 34 87 56 87 79 3 72 73 14 77 1 30 19 77 16 94 74 12 0 42 39 40 7 9 1 88 43 19 45 44 94 6 3 63 37 95 60 84 20 24 31 18 99 40 56 24 17 10 92 31 49 50 38 52 22 1 32 
83 43 35 70 23 39 28 98 70 96 6 90 10 89 69 70 65 62 73 4 84 82 31 85 33 10 32 77 55 8 75 45 83 86 72 2 43 69 55 32 38 32 61 55 54 66 78 12 35 74 75 36 77 82 45 87 82 23 6 2 65 42 0 94 19 40 45 50 45 24 37 82 90 70 75 86 69 62 44 47 54 75 13 36 18 12 5 88 27 66 17 76 26 64 25 17 80 85 57 20 
16 21 33 74 98 49 44 6 50 72 27 44 68 25 16 69 6 22 30 35 1 28 4 98 70 95 58 41 36 53 73 58 9 95 86 1 68 24 65 69 14 70 89 16 32 82 50 1 81 97 93 62 75 59 97 30 48 92 90 34 57 39 94 0 34 66 30 39 84 54 70 92 65 20 55 76 70 71 94 23 82 29 98 74 58 51 21 30 33 44 92 48 47 58 80 2 13 40 20 56 
65 49 20 53 71 82 20 1 75 22 68 89 79 48 25 24 91 1 39 50 94 26 82 48 80 98 59 86 79 70 6 42 86 36 20 46 99 82 17 39 16 96 30 28 31 51 32 48 67 61 15 28 71 19 67 36 44 37 88 81 84 40 19 34 0 60 58 67 89 58 54 56 3 34 45 54 38 63 74 61 70 73 87 83 13 49 9 84 65 27 53 18 28 43 49 54 93 15 85 46 
69 23 68 90 37 6 80 38 47 19 32 96 64 69 95 47 77 64 79 89 86 87 65 89 6 12 74 29 61 58 1 33 69 18 15 83 14 65 91 72 85 48 84 38 37 49 54 24 88 90 15 6 48 46 35 12 76 46 30 8 23 7 40 66 60 0 29 16 34 90 71 15 91 80 66 14 27 52 24 94 11 73 52 30 20 3 37 23 57 99 95 59 22 35 40 55 29 12 60 3 
26 14 25 28 19 92 71 73 28 47 12 29 21 44 63 40 56 95 55 71 52 37 39 74 34 99 77 41 51 63 3 28 40 18 14 30 26 82 18 70 47 49 51 6 16 5 88 82 72 80 50 49 79 66 89 53 63 67 96 64 57 9 45 30 58 29 0 4 87 11 28 2 62 71 13 31 68 80 62 58 8 43 4 54 90 13 75 76 60 35 70 51 98 93 22 86 76 44 4 85 
99 98 84 44 28 9 89 44 34 45 4 65 36 92 27 67 43 85 43 38 92 15 68 77 65 41 29 48 47 90 5 56 64 56 98 27 39 82 60 54 39 11 70 65 22 51 93 91 15 89 89 37 32 28 87 77 26 4 70 70 77 1 50 39 67 16 4 0 7 2 66 97 19 54 8 71 47 26 35 56 72 64 95 12 13 50 80 68 55 70 82 42 32 83 34 74 10 89 75 96 
88 54 95 2 29 41 87 25 73 92 55 87 56 14 99 78 21 2 65 34 33 4 31 88 54 92 77 24 24 84 65 64 55 44 83 8 76 33 91 13 90 41 39 35 93 57 79 13 27 23 46 83 34 97 78 38 26 59 87 6 75 88 45 84 89 34 87 7 0 2 20 12 73 42 24 36 59 30 15 2 50 95 40 28 58 20 33 12 52 88 86 65 77 61 9 40 85 98 19 4 
8 85 39 83 53 70 12 17 69 10 2 59 29 7 48 27 89 85 69 13 87 93 22 46 54 77 54 29 66 17 58 81 14 53 23 53 6 94 96 97 55 26 84 43 48 79 3 57 40 35 87 68 44 84 98 79 73 96 42 43 72 43 24 54 58 90 11 2 2 0 47 41 32 96 43 63 24 17 89 32 98 76 84 7 19 46 65 54 86 44 51 43 14 8 1 6 14 9 39 67 
27 11 48 95 95 6 66 97 40 5 14 89 46 3 88 25 69 61 45 38 85 85 27 37 54 88 59 85 1 29 36 92 62 96 62 4 93 15 38 47 28 73 75 88 74 39 70 82 91 56 31 7 10 59 39 70 43 73 82 16 37 19 37 70 54 71 28 66 20 47 0 60 98 67 6 26 89 7 16 75 60 20 51 23 3 76 76 51 42 9 48 84 28 10 71 19 79 70 62 84 
26 97 6 97 51 8 94 97 33 78 60 52 93 68 36 18 19 77 85 80 82 73 96 88 13 62 32 90 33 46 31 77 41 26 82 22 23 31 73 41 30 88 96 45 45 11 97 29 59 8 84 39 57 21 11 25 62 73 52 36 51 45 82 92 56 15 2 97 12 41 60 0 36 36 57 54 23 14 49 22 8 7 78 29 44 85 71 98 29 74 90 7 54 14 73 55 90 51 49 39 
23 56 80 27 47 79 16 42 98 64 57 23 57 94 17 88 93 23 74 66 6 44 11 40 81 3 95 38 13 83 5 57 74 90 12 84 40 39 84 18 49 23 48 91 5 95 23 36 46 38 78 19 87 97 22 70 45 90 47 47 32 44 90 65 3 91 62 19 73 32 98 36 0 58 35 69 66 52 25 86 48 39 85 39 32 79 79 9 37 96 73 38 78 35 40 20 68 32 71 65 
10 62 64 85 8 38 52 25 8 24 82 11 52 5 88 2 50 15 51 7 12 9 70 38 97 23 14 6 91 82 76 27 75 30 29 80 74 97 82 94 16 50 6 43 67 25 43 81 83 99 72 72 47 44 17 30 45 17 59 82 24 94 70 20 34 80 71 54 42 96 67 36 58 0 56 60 57 27 90 78 31 53 89 32 84 44 1 52 11 73 40 77 14 70 70 50 12 13 60 14 
68 57 88 31 86 79 99 22 34 96 9 32 5 29 91 46 84 25 81 80 70 56 34 7 34 83 39 24 76 69 81 63 69 52 45 63 15 88 40 79 74 56 60 45 44 40 3 9 85 1 59 54 38 85 79 78 54 86 40 24 29 6 75 55 45 66 13 8 24 43 6 57 35 56 0 90 32 20 26 65 87 67 19 87 92 99 99 37 49 15 41 46 79 64 1 55 21 85 24 56 
24 90 33 65 17 34 87 28 63 60 39 10 80 36 79 59 16 47 51 93 10 18 37 44 52 94 92 69 26 68 15 54 25 68 3 70 48 1 44 62 30 89 12 53 19 59 21 17 53 76 63 16 37 12 8 25 33 75 84 21 1 3 86 76 54 14 31 71 36 63 26 54 69 60 90 0 60 41 38 3 35 70 44 91 41 84 61 46 19 69 27 61 46 59 24 2 41 14 78 63 
28 22 43 23 30 28 46 47 15 65 5 7 76 83 88 22 18 33 36 4 47 61 10 59 56 99 88 21 56 62 3 93 26 48 4 68 72 38 71 36 52 4 36 89 60 56 57 7 14 74 43 53 11 99 54 43 29 33 16 5 40 63 69 70 38 27 68 47 59 24 89 23 66 57 32 60 0 52 95 48 62 58 65 98 24 2 3 68 84 5 9 78 15 14 99 7 96 69 98 87 
38 97 75 99 12 52 64 36 78 83 71 31 32 78 58 18 62 81 73 33 75 33 1 2 81 48 60 14 70 84 53 23 34 21 11 9 2 67 91 59 50 29 52 58 91 1 40 22 10 64 19 47 51 91 54 11 6 63 76 24 62 37 62 71 63 52 80 26 30 17 7 14 52 27 20 41 52 0 29 74 35 84 59 49 10 15 32 25 25 23 75 26 20 97 75 62 86 8 54 89 
58 84 67 53 62 78 43 63 44 32 77 68 77 47 25 57 8 71 16 86 94 99 56 84 55 30 47 57 6 70 55 39 19 72 32 73 34 43 24 32 89 25 85 81 30 39 38 35 26 58 59 98 78 47 68 66 21 7 94 26 33 95 44 94 74 24 62 35 15 89 16 49 25 90 26 38 95 29 0 62 76 69 18 44 29 18 53 49 92 95 60 22 87 72 93 10 11 21 84 16 
84 26 89 4 15 31 23 69 62 2 74 19 53 79 56 34 65 55 40 45 33 84 70 30 13 96 63 30 15 39 16 21 79 80 92 44 71 62 31 31 65 21 74 3 78 94 27 48 48 65 76 75 20 38 78 86 62 74 94 47 67 60 47 23 61 94 58 56 2 32 75 22 86 78 65 3 48 74 62 0 47 39 20 61 7 24 32 92 1 84 72 10 68 66 3 66 48 87 26 20 
39 15 99 71 31 44 83 63 86 85 6 13 39 7 50 44 56 25 3 30 39 28 11 49 86 99 87 29 88 75 97 59 47 9 97 96 61 19 74 49 14 66 13 65 10 86 22 46 65 40 13 54 46 89 13 54 8 38 53 32 59 84 54 82 70 11 8 72 50 98 60 8 48 31 87 35 62 35 76 47 0 5 53 71 5 23 63 60 41 70 71 24 77 32 59 28 73 31 19 57 
9 14 31 13 9 47 41 33 37 79 80 74 84 92 53 76 3 78 36 47 43 96 4 56 11 81 62 92 3 64 89 44 79 24 30 90 20 1 64 31 53 88 36 74 24 96 4 43 89 15 29 4 35 41 87 21 52 3 57 26 47 20 75 29 73 73 43 64 95 76 20 7 39 53 67 70 58 84 69 39 5 0 45 37 60 89 57 84 57 2 49 9 55 24 94 54 71 24 43 69 
33 85 18 40 41 10 45 46 13 69 85 75 81 81 25 99 91 90 98 68 64 53 40 46 82 2 40 55 92 73 1 20 8 61 56 77 16 46 91 97 95 10 17 96 91 71 63 26 40 23 46 25 36 7 86 14 98 46 26 19 80 24 13 98 87 52 4 95 40 84 51 78 85 89 19 44 65 59 18 20 53 45 0 62 31 73 27 36 89 95 22 61 33 91 87 19 10 30 75 31 
35 44 69 84 49 68 17 89 54 55 60 92 75 21 16 3 5 36 80 67 24 51 78 9 79 76 72 29 65 13 60 46 78 57 30 73 98 83 49 97 60 12 10 50 9 74 29 36 86 27 50 44 8 45 29 27 51 14 80 12 38 31 36 74 83 30 54 12 28 7 23 29 39 32 87 91 98 49 44 61 71 37 62 0 59 40 95 26 74 74 54 76 78 61 27 7 85 68 78 34 
11 7 65 49 31 4 18 43 27 26 32 66 71 24 68 97 17 58 16 29 41 81 38 35 72 2 3 64 99 35 63 76 9 10 34 59 99 95 45 21 35 22 85 32 92 56 10 76 22 16 95 26 72 31 14 7 84 42 37 54 54 18 18 58 13 20 90 13 58 19 3 44 32 84 92 41 24 10 29 7 5 60 31 59 0 92 52 37 34 84 41 14 65 52 74 7 57 22 60 31 
24 78 61 62 24 68 89 58 83 84 91 86 27 64 74 91 78 32 16 58 64 92 17 30 85 53 60 82 88 25 2 38 39 47 42 69 54 72 95 7 4 59 59 32 15 16 55 27 46 82 23 27 2 59 62 32 22 34 5 46 91 99 12 51 49 3 13 50 20 46 76 85 79 44 99 84 2 15 18 24 23 89 73 40 92 0 46 69 58 20 83 32 71 61 76 34 18 79 97 1 
16 57 79 71 67 55 1 26 13 28 8 54 58 72 47 84 69 40 95 85 64 80 26 1 30 93 26 61 59 84 92 85 50 61 66 59 70 71 17 75 65 88 49 42 88 97 2 54 45 77 77 2 4 34 7 84 10 4 83 7 89 40 5 21 9 37 75 80 33 65 76 71 79 1 99 61 3 32 53 32 63 57 27 95 52 46 0 83 42 68 86 63 35 25 98 73 13 51 64 65 
88 60 18 14 93 98 98 33 26 57 67 43 31 7 21 27 31 15 67 44 32 27 47 80 13 65 58 70 25 35 68 35 15 66 50 82 21 97 60 36 81 95 22 40 48 50 29 88 89 93 57 7 47 66 58 50 78 5 95 21 34 56 88 30 84 23 76 68 12 54 51 98 9 52 37 46 68 25 49 92 60 84 36 26 37 69 83 0 34 60 36 20 7 24 97 61 19 97 63 10 
26 16 40 37 65 64 83 34 2 93 33 7 65 22 67 27 53 94 35 95 19 38 8 20 64 76 33 84 46 23 82 88 18 63 26 64 36 54 91 37 93 65 48 15 73 56 7 75 84 27 90 19 62 22 46 66 12 31 12 6 35 24 27 33 65 57 60 55 52 86 42 29 37 11 49 19 84 25 92 1 41 57 89 74 34 58 42 34 0 24 41 77 98 7 80 35 81 7 33 13 
72 25 36 24 13 81 72 7 42 9 47 10 39 65 95 53 85 49 84 94 41 25 44 5 8 79 31 73 15 90 42 59 46 22 86 93 39 1 45 74 58 79 72 3 38 7 45 67 69 50 39 35 7 90 62 55 68 66 43 68 26 17 66 44 27 99 35 70 88 44 9 74 96 73 15 69 5 23 95 84 70 2 95 74 84 20 68 60 24 0 71 96 52 46 18 88 87 85 7 58 
93 10 82 23 18 29 15 66 56 56 76 37 19 51 13 56 37 14 94 21 6 57 1 72 71 63 53 80 78 41 84 2 58 14 49 53 50 43 86 39 1 88 57 48 42 33 68 78 68 89 87 32 4 58 52 1 36 70 23 12 79 10 17 92 53 95 70 82 86 51 48 90 73 40 41 27 9 75 60 72 71 49 22 54 41 83 86 36 41 71 0 58 84 73 7 88 19 31 7 88 
75 67 29 67 34 38 37 52 56 77 83 88 96 91 26 8 99 20 19 53 93 41 57 2 83 77 92 49 87 88 45 41 78 23 54 38 82 41 49 72 10 72 52 36 90 30 33 61 71 33 12 97 9 1 94 51 38 89 85 45 20 92 76 48 18 59 51 42 65 43 84 7 38 77 46 61 78 26 22 10 24 9 61 76 14 32 63 20 77 96 58 0 14 54 62 41 39 17 48 39 
63 72 23 93 11 65 27 32 65 47 45 60 42 10 1 63 60 16 75 32 80 53 15 9 64 49 42 53 33 76 98 86 88 28 49 48 59 40 18 57 91 87 68 51 31 94 30 53 36 26 20 81 37 78 7 82 42 75 29 45 84 31 26 47 28 22 98 32 77 14 28 54 78 14 79 46 15 20 87 68 77 55 33 78 65 71 35 7 98 52 84 14 0 98 1 66 49 70 32 66 
47 54 39 96 29 38 33 8 16 50 65 9 96 93 98 32 32 98 19 26 83 39 56 27 65 37 79 93 92 78 7 38 27 26 1 52 13 25 52 72 39 83 4 33 40 79 70 50 35 99 89 99 85 68 58 38 10 37 57 27 53 49 64 58 43 35 93 83 61 8 10 14 35 70 64 59 14 97 72 66 32 24 91 61 52 61 25 24 7 46 73 54 98 0 1 76 77 20 85 83 
33 70 42 54 76 94 2 14 93 12 38 54 58 68 99 80 36 42 26 64 75 20 56 41 45 50 58 93 73 39 88 59 32 18 39 24 76 41 49 68 18 1 93 33 6 20 13 37 25 53 51 44 49 16 41 77 16 66 33 86 76 50 25 80 49 40 22 34 9 1 71 73 40 70 1 24 99 75 93 3 59 94 87 27 74 76 98 97 80 18 7 62 1 1 0 64 39 55 87 13 
89 37 75 10 6 19 49 4 41 9 48 88 49 86 78 93 33 36 18 53 41 45 53 90 70 15 46 97 39 76 57 8 59 33 8 71 54 93 7 50 14 43 51 42 34 29 91 61 62 61 75 52 82 71 8 71 94 57 59 57 85 38 17 2 54 55 86 74 40 6 19 55 20 50 55 2 7 62 10 66 28 54 19 7 7 34 73 61 35 88 88 41 66 76 64 0 22 19 46 60 
24 22 78 42 82 79 89 29 61 62 74 19 43 34 12 77 51 26 50 60 26 21 79 33 76 74 86 58 84 22 50 25 24 94 22 1 25 73 77 62 43 35 54 43 75 79 16 96 88 78 92 37 15 4 5 21 86 78 87 81 64 52 80 13 93 29 76 10 85 14 79 90 68 12 21 41 96 86 11 48 73 71 10 85 57 18 13 19 81 87 19 39 49 77 39 22 0 61 13 29 
56 41 71 58 6 71 23 16 71 75 91 22 53 72 91 47 52 52 38 18 69 64 98 71 89 22 26 95 21 16 48 25 38 15 6 24 96 32 67 83 53 67 88 96 20 42 75 48 74 6 91 83 16 48 93 55 77 71 69 54 97 22 85 40 15 12 44 89 98 9 70 51 32 13 85 14 69 8 21 87 31 24 30 68 22 79 51 97 7 85 31 17 70 20 55 19 61 0 12 14 
66 78 26 89 43 93 35 30 50 24 85 68 23 9 25 88 6 35 21 23 50 22 54 97 35 33 74 40 25 56 73 84 43 86 16 23 23 5 87 99 10 58 80 17 94 93 93 70 21 47 41 9 49 43 8 16 30 17 67 38 80 1 57 20 85 60 4 75 19 39 62 49 71 60 24 78 98 54 84 26 19 43 75 78 60 97 64 63 33 7 7 48 32 85 87 46 13 12 0 61 
78 92 49 94 87 53 95 67 51 89 16 15 65 52 55 71 34 23 41 55 83 66 61 8 15 72 75 91 72 69 60 42 94 53 78 88 34 30 36 84 39 93 93 84 38 25 17 35 77 65 60 3 44 2 19 46 53 43 23 47 99 32 20 56 46 3 85 96 4 67 84 39 65 14 56 63 87 89 16 20 57 69 31 34 31 1 65 10 13 58 88 39 66 83 13 60 29 14 61 0 
