120
0 38 13 73 10 76 6 80 65 17 2 77 72 7 26 51 21 19 85 12 29 30 15 51 69 88 88 95 97 87 14 10 8 64 62 23 58 2 1 61 82 9 89 14 48 73 31 72 4 71 22 50 58 4 69 25 44 77 27 53 81 42 83 16 65 69 26 99 88 8 27 26 23 10 68 24 28 38 58 84 39 9 33 35 11 24 16 88 26 72 93 75 63 47 33 89 24 56 66 78 4 1 78 7 53 86 71 3 77 92 22 76 8 78 73 76 77 44 21 31 
38 0 37 8 46 69 58 83 97 14 11 24 82 8 25 75 93 21 33 13 66 95 61 25 83 98 3 93 99 11 55 97 83 87 71 67 72 49 55 16 6 18 43 21 49 23 14 98 54 85 11 97 56 62 57 90 22 97 84 26 15 14 85 44 7 78 57 60 16 25 10 67 72 54 70 37 22 41 78 92 50 48 78 41 79 46 88 17 29 46 68 67 79 47 1 30 64 76 36 54 94 34 3 85 84 49 55 33 29 56 83 32 29 95 75 9 33 9 85 78 
13 37 0 51 80 42 65 84 25 21 45 16 31 92 15 20 27 87 8 54 48 61 35 33 20 68 25 84 95 39 48 6 80 64 88 33 43 75 67 89 99 31 18 69 65 61 79 18 40 36 82 29 23 39 42 75 78 71 26 49 51 63 45 55 1 87 17 20 10 93 52 11 69 24 15 64 22 47 4 57 89 81 47 55 80 72 15 78 16 26 54 85 59 86 30 45 38 23 92 55 77 13 60 27 77 72 88 40 44 77 39 92 70 99 34 44 27 57 70 74 
73 8 51 0 53 90 28 44 2 83 95 97 27 85 31 65 23 99 53 4 71 13 40 84 49 62 71 14 37 24 23 67 93 96 54 10 42 58 89 94 77 83 12 37 17 31 85 58 36 42 82 3 86 94 37 47 81 28 73 29 3 14 42 37 41 19 98 39 64 47 90 3 99 29 79 76 59 43 27 22 59 17 93 38 12 23 7 97 15 88 76 36 64 33 92 50 1 23 98 71 37 19 28 29 53 95 51 47 8 86 17 30 12 62 15 31 9 41 49 31 
10 46 80 53 0 24 67 93 65 13 18 34 11 29 76 6 82 6 43 87 53 58 57 79 88 82 11 73 49 20 13 26 78 17 5 89 28 51 69 4 59 13 3 77 97 97 62 16 75 13 19 31 60 6 17 96 97 61 44 32 45 25 63 80 22 20 78 34 5 40 68 35 35 43 79 83 39 49 82 6 92 9 41 70 6 8 79 38 79 34 28 52 78 31 44 47 10 68 4 68 55 98 64 81 29 38 65 38 94 19 79 71 93 53 11 33 47 64 94 19 
76 69 42 90 24 0 37 30 40 29 55 30 56 91 28 61 13 18 72 92 8 84 57 52 33 77 63 52 97 31 23 6 92 96 23 77 23 19 94 30 19 53 32 50 99 84 94 46 52 87 16 72 49 29 84 28 44 20 80 71 89 87 12 66 94 16 52 99 87 46 64 43 23 83 41 45 17 18 89 1 98 83 72 15 37 27 33 2 49 89 23 35 95 22 69 68 49 19 98 12 12 53 77 69 46 65 90 41 8 8 34 59 8 35 5 6 62 51 77 46 
6 58 65 28 67 37 0 97 22 93 72 93 26 98 2 14 39 86 28 39 85 34 2 32 39 29 76 32 52 67 68 33 75 33 98 6 1 38 73 44 25 17 97 97 42 25 22 28 47 36 63 69 63 33 46 89 43 58 26 33 34 7 66 52 32 8 14 4 29 16 30 67 62 84 97 59 83 35 31 58 97 50 47 84 42 21 41 51 5 10 1 91 22 75 22 34 39 38 44 34 96 42 72 70 71 24 87 40 32 38 39 57 88 29 37 67 11 85 1 17 
80 83 84 44 93 30 97 0 31 4 79 60 54 70 50 75 47 28 34 73 69 40 33 98 8 34 63 15 78 44 62 86 37 13 54 27 83 13 26 2 42 56 56 65 16 93 41 61 71 50 51 33 91 21 53 39 66 81 58 53 90 20 95 65 43 48 22 98 2 90 39 13 19 78 78 89 91 84 40 99 16 38 97 37 99 2 33 31 8 51 51 33 44 42 70 2 98 52 31 83 50 82 83 96 72 22 19 47 45 92 10 5 78 64 24 96 60 65 83 32 
65 97 25 2 65 40 22 31 0 2 85 79 69 55 26 84 28 57 93 9 56 77 47 50 12 9 62 75 24 89 90 83 83 6 43 47 22 52 74 43 14 19 24 46 96 53 34 55 15 58 62 41 73 66 23 3 87 2 73 52 72 88 78 63 49 1 43 40 4 58 44 54 44 75 99 98 76 60 67 75 92 6 27 68 32 12 4 55 2 14 60 57 82 9 39 5 71 77 74 6 80 85 60 32 91 8 67 33 47 76 83 45 65 38 48 74 91 85 16 66 
17 14 21 83 13 29 93 4 2 0 53 70 67 90 29 20 18 6 80 11 30 18 82 47 8 18 87 62 65 8 30 56 29 44 99 56 6 51 93 64 53 35 99 84 78 38 90 55 5 44 12 30 77 90 33 51 52 43 24 90 44 89 96 29 65 87 59 89 52 23 11 32 10 7 31 68 19 13 74 75 92 66 86 54 43 7 10 37 88 60 9 54 88 19 22 68 15 21 86 10 43 67 21 17 59 78 43 36 76 29 86 35 45 93 83 9 31 65 78 19 
2 11 45 95 18 55 72 79 85 53 0 39 12 57 53 84 77 69 26 70 32 60 63 30 67 33 72 61 94 73 28 98 94 69 39 61 98 10 68 79 64 21 36 56 29 46 93 57 52 5 80 76 32 77 53 39 84 81 75 71 27 58 31 65 39 19 96 42 96 58 49 43 53 23 65 71 62 61 97 28 1 27 51 21 27 66 78 19 61 83 60 63 39 24 69 70 62 88 67 20 37 18 22 78 27 33 9 9 21 69 83 55 86 94 75 90 24 95 91 14 
77 24 16 97 34 30 93 60 79 70 39 0 12 43 11 89 25 48 69 44 92 14 7 3 68 94 5 29 36 83 78 47 79 7 92 81 21 24 64 72 7 22 65 51 91 10 93 68 86 34 72 9 52 34 62 8 60 42 28 52 41 72 46 95 10 89 47 59 22 55 1 20 20 86 28 98 22 95 19 68 36 96 30 23 57 11 43 73 32 13 83 8 88 9 62 24 35 95 4 56 69 16 25 95 63 27 99 48 88 36 17 88 91 79 88 58 25 56 50 53 
72 82 31 27 11 56 26 54 69 67 12 12 0 25 16 68 74 47 21 67 95 13 26 1 98 99 78 12 91 25 55 48 78 41 60 96 80 90 32 57 34 39 93 21 15 10 68 82 80 4 48 71 43 6 21 58 60 55 78 25 59 80 37 81 59 52 64 74 84 89 83 56 79 71 28 24 54 70 69 24 47 40 67 78 27 25 18 88 2 46 59 22 18 57 34 44 76 99 3 97 91 84 27 27 53 56 8 63 32 80 93 77 47 88 71 70 56 93 99 88 
7 8 92 85 29 91 98 70 55 90 57 43 25 0 86 75 16 15 57 88 2 85 76 77 91 19 63 46 66 53 29 88 39 21 98 52 60 95 65 15 98 53 45 17 65 31 83 11 46 89 79 60 98 43 65 6 91 77 56 43 21 89 69 19 93 50 84 16 18 62 8 65 56 3 91 5 17 78 69 31 53 85 37 99 60 32 36 33 51 52 6 34 1 10 32 36 89 61 39 12 45 44 8 63 57 97 94 53 25 44 52 11 95 50 19 11 62 40 7 8 
26 25 15 31 76 28 2 50 26 29 53 11 16 86 0 80 13 1 4 52 16 68 82 60 67 16 62 65 20 45 88 62 22 1 64 95 85 2 85 61 77 23 15 25 47 33 81 71 55 25 78 90 36 58 32 40 15 94 49 14 20 16 98 42 36 26 52 35 23 34 62 79 8 33 4 68 96 58 97 47 90 22 93 85 59 65 41 79 79 63 63 48 28 72 43 15 94 52 19 79 11 36 50 94 80 90 5 6 87 30 54 81 73 30 39 79 55 43 65 69 
51 75 20 65 6 61 14 75 84 20 84 89 68 75 80 0 45 85 74 51 81 51 36 73 16 40 3 36 98 80 16 16 95 67 35 84 94 19 75 19 26 18 50 38 21 41 53 24 19 80 52 33 38 31 41 51 74 69 81 16 64 65 92 21 55 24 7 25 1 49 81 29 89 2 74 22 1 77 33 41 82 84 31 88 54 34 83 23 4 35 50 89 71 38 34 13 38 80 66 7 80 93 4 33 86 45 30 47 68 67 29 58 85 44 95 94 21 53 32 26 
21 93 27 23 82 13 39 47 28 18 77 25 74 16 13 45 0 64 53 60 18 23 55 14 31 24 51 22 72 4 24 13 78 8 53 31 27 9 97 85 82 74 40 57 61 26 66 96 28 19 87 2 35 3 18 86 12 94 54 60 83 12 84 4 84 1 94 86 52 92 33 87 85 82 6 12 70 10 47 75 94 33 39 43 64 24 41 64 64 32 19 41 6 93 80 83 75 41 26 69 50 83 87 47 14 22 81 82 95 50 52 15 31 11 86 5 8 55 60 85 
19 21 87 99 6 18 86 28 57 6 69 48 47 15 1 85 64 0 99 42 36 57 14 12 53 67 22 82 95 35 62 92 86 61 93 99 92 75 9 76 82 28 26 87 37 15 4 93 85 73 44 9 56 18 61 33 99 84 28 96 53 51 81 92 80 27 38 25 57 41 53 39 20 45 21 64 22 66 69 93 19 69 17 79 60 57 45 36 40 62 33 68 54 63 76 9 35 34 93 26 68 2 99 9 90 28 30 90 78 11 62 17 80 75 77 98 1 31 4 82 
85 33 8 53 43 72 28 34 93 80 26 69 21 57 4 74 53 99 0 65 39 68 31 22 27 96 11 70 34 37 10 1 56 70 11 4 40 78 38 17 26 47 8 44 1 57 15 56 56 53 79 98 54 61 1 15 61 67 96 40 72 8 17 67 62 70 51 59 80 15 78 13 12 80 96 35 7 70 86 45 71 73 13 47 83 8 30 61 83 74 47 87 85 98 48 89 74 77 88 46 37 88 40 38 7 44 59 2 84 30 49 56 46 9 35 30 1 80 20 5 
12 13 54 4 87 92 39 73 9 11 70 44 67 88 52 51 60 42 65 0 72 2 9 27 41 90 33 71 97 8 39 82 30 4 75 51 92 17 50 43 71 9 32 26 35 55 98 97 71 6 64 95 25 47 21 23 1 70 23 28 26 65 46 39 58 53 53 33 70 80 6 34 65 54 54 54 13 81 97 34 52 56 81 55 13 86 11 82 79 72 85 30 13 64 8 71 83 64 65 45 70 76 89 35 15 60 89 34 25 4 42 31 23 54 97 92 92 83 98 37 
29 66 48 71 53 8 85 69 56 30 32 92 95 2 16 81 18 36 39 72 0 7 39 99 32 63 48 63 35 72 43 21 91 51 23 3 64 1 93 6 73 53 10 95 98 12 99 41 92 77 88 62 3 23 83 94 99 48 30 96 99 81 2 76 2 53 93 65 76 79 63 77 49 37 50 15 74 22 33 72 1 47 25 81 38 17 53 69 93 91 8 61 10 35 64 67 69 14 67 92 1 35 71 17 38 18 39 83 15 38 63 1 34 50 78 32 58 59 74 77 
30 95 61 13 58 84 34 40 77 18 60 14 13 85 68 51 23 57 68 2 7 0 29 77 54 59 32 95 14 39 92 88 60 47 63 87 62 40 72 3 60 26 58 33 31 53 92 42 79 58 46 86 26 74 75 7 3 31 78 79 92 97 43 19 84 90 89 57 43 5 12 25 23 7 5 80 29 54 31 22 28 6 36 73 83 49 52 95 25 77 41 86 29 41 48 24 29 85 90 38 6 24 69 21 14 57 30 29 92 55 29 64 82 61 70 84 73 80 49 53 
15 61 35 40 57 57 2 33 47 82 63 7 26 76 82 36 55 14 31 9 39 29 0 93 93 97 58 95 40 91 79 62 58 6 77 26 80 94 38 45 61 16 93 42 64 8 3 47 76 53 67 26 38 4 26 85 65 1 53 82 47 85 18 55 36 79 61 51 47 24 66 1 33 13 91 76 26 56 70 6 15 88 3 92 65 99 88 59 25 46 15 78 87 33 92 73 39 84 21 25 72 28 38 96 83 17 55 97 53 74 6 67 81 95 51 3 90 33 8 90 
51 25 33 84 79 52 32 98 50 47 30 3 1 77 60 73 14 12 22 27 99 77 93 0 86 37 67 74 12 36 43 40 53 94 85 21 74 8 53 70 58 63 90 84 17 29 46 83 82 69 68 62 84 70 39 75 64 73 13 35 25 84 35 23 90 41 88 76 78 39 76 22 16 56 69 83 69 12 37 58 28 80 2 13 2 9 90 64 91 16 86 81 85 28 94 8 15 76 13 62 21 38 63 67 34 58 75 73 6 1 3 5 65 58 36 31 5 76 81 15 
69 83 20 49 88 33 39 8 12 8 67 68 98 91 67 16 31 53 27 41 32 54 93 86 0 3 53 55 16 97 89 1 60 63 2 92 68 82 42 84 45 98 7 88 57 50 48 73 60 94 83 81 99 93 39 11 88 66 96 89 60 74 96 92 35 51 52 83 83 52 92 25 56 69 66 38 58 98 88 45 58 42 33 28 56 64 81 92 77 57 27 63 54 93 23 39 21 59 44 20 46 76 38 85 35 88 59 2 41 86 38 59 8 25 25 84 42 95 28 33 
88 98 68 62 82 77 29 34 9 18 33 94 99 19 16 40 24 67 96 90 63 59 97 37 3 0 15 26 14 79 37 25 4 57 94 32 29 77 3 61 60 73 41 16 38 8 83 39 48 61 61 49 83 9 86 69 40 64 55 14 62 41 74 75 69 25 26 34 19 79 47 79 8 78 9 39 50 15 18 46 58 78 88 27 32 59 24 38 43 94 90 82 97 27 47 19 25 40 76 40 7 69 40 47 22 68 74 25 72 33 13 87 66 8 3 97 21 4 86 95 
88 3 25 71 11 63 76 63 62 87 72 5 78 63 62 3 51 22 11 33 48 32 58 67 53 15 0 36 18 18 56 44 53 96 26 90 30 52 68 48 21 72 80 9 24 61 57 10 47 61 66 63 22 14 23 28 26 18 33 94 15 86 53 26 61 84 69 90 25 58 64 13 19 27 78 26 1 23 15 75 40 76 20 10 72 54 67 28 89 3 72 86 20 15 14 98 83 23 62 82 12 29 45 3 4 11 32 92 97 30 56 30 34 42 66 50 26 86 49 54 
95 93 84 14 73 52 32 15 75 62 61 29 12 46 65 36 22 82 70 71 63 95 95 74 55 26 36 0 49 1 39 8 22 6 16 78 81 64 98 31 33 73 45 41 68 25 79 68 51 49 36 53 32 2 65 32 19 67 16 44 40 21 2 1 46 83 30 27 8 53 4 22 84 80 63 70 68 9 73 44 96 90 77 73 59 69 59 82 64 93 53 38 48 52 24 71 1 24 23 88 60 9 3 19 4 15 80 68 35 82 65 45 43 35 79 45 61 68 43 23 
97 99 95 37 49 97 52 78 24 65 94 36 91 66 20 98 72 95 34 97 35 14 40 12 16 14 18 49 0 42 69 42 40 81 43 68 99 14 26 39 76 6 93 23 40 74 15 48 72 2 34 71 61 20 16 98 99 54 70 21 36 39 50 82 59 13 76 54 25 96 23 34 25 31 88 1 88 36 46 64 9 42 15 63 11 30 31 38 98 40 11 68 55 78 46 74 69 24 82 65 82 82 33 94 15 31 39 97 88 1 38 67 43 62 19 1 46 83 95 72 
87 11 39 24 20 31 67 44 89 8 73 83 25 53 45 80 4 35 37 8 72 39 91 36 97 79 18 1 42 0 71 97 54 1 43 41 40 25 41 93 73 32 5 30 36 36 49 31 48 1 80 8 53 10 25 52 86 92 76 15 82 62 41 13 28 45 1 55 65 17 91 18 60 91 96 38 73 84 82 40 44 71 91 24 31 74 64 91 49 45 95 17 60 91 45 86 49 18 52 49 7 77 67 87 36 45 79 99 1 39 19 82 37 49 4 52 49 4 89 58 
14 55 48 23 13 23 68 62 90 30 28 78 55 29 88 16 24 62 10 39 43 92 79 43 89 37 56 39 69 71 0 17 88 64 87 22 34 95 32 69 39 72 70 54 13 97 47 41 18 94 79 62 36 59 32 31 49 31 97 97 21 7 75 36 37 74 39 72 57 72 68 50 62 83 99 84 86 88 48 1 66 22 22 40 77 61 3 41 78 44 84 60 67 79 86 51 23 38 14 16 85 47 39 90 55 28 30 49 16 74 30 52 50 89 65 14 53 95 60 35 
10 97 6 67 26 6 33 86 83 56 98 47 48 88 62 16 13 92 1 82 21 88 62 40 1 25 44 8 42 97 17 0 4 65 81 93 58 1 10 91 39 18 14 43 53 10 39 26 58 82 52 70 54 90 70 30 91 63 77 21 56 89 96 2 63 55 11 32 70 96 48 49 11 41 26 73 88 23 50 56 89 4 29 25 21 66 88 10 12 22 59 88 95 65 79 88 72 87 83 1 43 35 67 58 93 7 71 3 13 91 5 1 35 77 9 24 62 28 16 12 
8 83 80 93 78 92 75 37 83 29 94 79 78 39 22 95 78 86 56 30 91 60 58 53 60 4 53 22 40 54 88 4 0 86 54 91 48 61 89 30 84 51 70 39 84 75 96 48 6 60 12 36 52 85 74 13 36 17 10 85 59 49 22 48 72 57 52 68 4 93 51 54 88 80 93 40 81 83 83 3 31 86 48 66 42 57 42 80 45 95 80 87 34 55 16 28 38 6 65 35 43 88 45 91 43 45 53 89 58 81 3 65 74 96 50 32 32 42 40 15 
64 87 64 96 17 96 33 13 6 44 69 7 41 21 1 67 8 61 70 4 51 47 6 94 63 57 96 6 81 1 64 65 86 0 3 48 36 51 33 33 42 43 96 17 84 29 32 92 12 39 88 17 57 10 65 84 27 3 39 86 31 87 54 32 31 37 16 22 93 48 74 45 5 67 44 19 60 91 30 78 10 24 91 9 92 15 88 48 73 38 42 90 31 40 6 34 75 20 94 38 90 16 13 98 65 1 70 51 48 19 69 68 67 75 70 56 66 82 51 49 
62 71 88 54 5 23 98 54 43 99 39 92 60 98 64 35 53 93 11 75 23 63 77 85 2 94 26 16 43 43 87 81 54 3 0 5 51 57 79 39 11 95 25 40 59 56 1 39 94 86 96 71 74 56 16 97 50 56 7 33 30 94 79 20 29 79 42 93 25 90 11 70 16 47 30 45 20 84 75 80 45 99 13 87 78 50 32 54 88 93 79 3 70 97 23 43 3 21 57 40 38 27 22 4 63 29 10 55 2 29 7 45 68 33 30 70 13 91 16 75 
23 67 33 10 89 77 6 27 47 56 61 81 96 52 95 84 31 99 4 51 3 87 26 21 92 32 90 78 68 41 22 93 91 48 5 0 93 17 24 16 12 5 72 95 25 81 38 64 61 82 50 79 12 1 48 24 82 91 13 57 82 29 36 81 9 17 7 22 35 48 46 43 26 36 76 27 54 88 75 67 78 61 53 50 37 61 96 48 70 35 62 33 48 19 92 92 74 82 13 42 58 71 3 35 81 67 88 72 15 27 40 91 59 46 83 85 53 14 10 26 
58 72 43 42 28 23 1 83 22 6 98 21 80 60 85 94 27 92 40 92 64 62 80 74 68 29 30 81 99 40 34 58 48 36 51 93 0 48 65 89 40 86 22 46 45 89 84 69 68 71 36 35 25 62 88 74 21 77 73 59 56 16 83 42 64 28 97 83 90 72 74 97 61 90 80 89 23 35 56 8 38 99 1 76 74 64 58 65 40 15 23 27 16 82 77 93 27 50 89 33 26 99 53 61 78 6 47 65 11 98 2 57 73 92 57 22 87 38 73 75 
2 49 75 58 51 19 38 13 52 51 10 24 90 95 2 19 9 75 78 17 1 40 94 8 82 77 52 64 14 25 95 1 61 51 57 17 48 0 93 15 15 50 89 46 87 31 84 78 72 59 63 43 19 59 76 13 29 46 50 95 23 77 57 90 39 87 12 20 89 51 75 92 91 41 60 3 9 76 72 30 96 11 73 64 14 36 62 28 6 49 37 83 68 7 39 19 72 54 16 53 47 98 75 54 4 25 44 26 27 2 7 19 35 32 97 81 99 44 52 37 
1 55 67 89 69 94 73 26 74 93 68 64 32 65 85 75 97 9 38 50 93 72 38 53 42 3 68 98 26 41 32 10 89 33 79 24 65 93 0 83 9 3 20 63 95 76 26 36 80 63 77 77 75 71 48 79 32 34 44 10 57 87 47 38 37 11 51 78 20 46 35 36 8 72 2 4 47 62 7 4 9 37 85 49 82 15 16 49 44 44 58 86 68 47 51 3 1 82 59 19 46 66 28 97 84 59 21 97 44 85 12 99 91 47 38 89 41 7 45 31 
61 16 89 94 4 30 44 2 43 64 79 72 57 15 61 19 85 76 17 43 6 3 45 70 84 61 48 31 39 93 69 91 30 33 39 16 89 15 83 0 59 34 66 22 90 58 1 78 68 16 71 4 48 43 2 82 48 17 69 22 62 30 45 97 67 35 89 87 78 98 39 11 22 17 79 8 54 54 68 78 13 87 86 29 14 62 7 58 46 62 52 94 7 58 41 8 5 93 8 19 52 73 3 83 47 19 87 30 36 12 53 77 38 79 70 25 70 30 78 25 
82 6 99 77 59 19 25 42 14 53 64 7 34 98 77 26 82 82 26 71 73 60 61 58 45 60 21 33 76 73 39 39 84 42 11 12 40 15 9 59 0 43 11 66 86 54 21 14 27 7 32 84 50 66 55 1 51 82 38 77 71 21 55 16 46 30 71 15 14 77 82 48 44 76 63 26 26 73 43 62 45 45 54 33 29 6 21 62 8 52 98 51 84 22 10 78 12 68 36 38 42 10 16 94 86 77 30 53 26 87 38 16 23 92 37 46 67 4 59 96 
9 18 31 83 13 53 17 56 19 35 21 22 39 53 23 18 74 28 47 9 53 26 16 63 98 73 72 73 6 32 72 18 51 43 95 5 86 50 3 34 43 0 73 73 90 17 86 75 33 63 7 74 38 3 46 14 42 34 4 5 31 66 70 89 75 37 66 57 78 71 17 43 98 58 94 6 90 88 30 96 70 87 42 82 52 47 59 40 84 16 76 94 94 53 57 26 80 37 5 83 95 12 43 23 85 29 57 33 59 87 69 67 23 3 74 2 34 81 8 64 
89 43 18 12 3 32 97 56 24 99 36 65 93 45 15 50 40 26 8 32 10 58 93 90 7 41 80 45 93 5 70 14 70 96 25 72 22 89 20 66 11 73 0 70 6 43 16 36 47 82 24 21 5 24 26 47 32 26 19 12 54 46 7 21 6 68 12 45 45 27 86 57 81 54 38 47 12 65 57 84 23 57 77 75 72 37 51 32 24 29 1 40 62 33 67 59 47 80 38 54 91 89 34 35 26 79 20 84 53 76 85 64 97 80 99 42 39 40 7 9 
14 21 69 37 77 50 97 65 46 84 56 51 21 17 25 38 57 87 44 26 95 33 42 84 88 16 9 41 23 30 54 43 39 17 40 95 46 46 63 22 66 73 70 0 1 88 43 19 45 44 94 6 3 63 37 95 60 84 20 24 31 18 99 40 56 24 17 10 92 31 49 50 38 52 22 1 32 94 19 40 45 50 45 24 37 82 90 70 75 86 69 62 44 47 54 75 13 36 18 12 5 88 27 66 17 76 26 64 25 17 80 85 57 20 34 66 30 39 84 54 
48 49 65 17 97 99 42 16 96 78 29 91 15 65 47 21 61 37 1 35 98 31 64 17 57 38 24 68 40 36 13 53 84 84 59 25 45 87 95 90 86 90 6 1 0 70 92 65 20 55 76 70 71 94 23 82 29 98 74 58 51 21 30 33 44 92 48 47 58 80 2 13 40 20 56 60 58 67 89 58 54 56 3 34 45 54 38 63 74 61 70 73 87 83 13 49 9 84 65 27 53 18 28 43 49 54 93 15 85 46 29 16 34 90 71 15 91 80 66 14 
73 23 61 31 97 84 25 93 53 38 46 10 10 31 33 41 26 15 57 55 12 53 8 29 50 8 61 25 74 36 97 10 75 29 56 81 89 31 76 58 54 17 43 88 70 0 27 52 24 94 11 73 52 30 20 3 37 23 57 99 95 59 22 35 40 55 29 12 60 3 4 87 11 28 2 62 71 13 31 68 80 62 58 8 43 4 54 90 13 75 76 60 35 70 51 98 93 22 86 76 44 4 85 7 2 66 97 19 54 8 71 47 26 35 56 72 64 95 12 13 
31 14 79 85 62 94 22 41 34 90 93 93 68 83 81 53 66 4 15 98 99 92 3 46 48 83 57 79 15 49 47 39 96 32 1 38 84 84 26 1 21 86 16 43 92 27 0 50 80 68 55 70 82 42 32 83 34 74 10 89 75 96 2 20 12 73 42 24 36 59 30 15 2 50 95 40 28 58 20 33 12 52 88 86 65 77 61 9 40 85 98 19 4 47 41 32 96 43 63 24 17 89 32 98 76 84 7 19 46 65 54 86 44 51 43 14 8 1 6 14 
72 98 18 58 16 46 28 61 55 55 57 68 82 11 71 24 96 93 56 97 41 42 47 83 73 39 10 68 48 31 41 26 48 92 39 64 69 78 36 78 14 75 36 19 65 52 50 0 9 39 67 60 98 67 6 26 89 7 16 75 60 20 51 23 3 76 76 51 42 9 48 84 28 10 71 19 79 70 62 84 36 36 57 54 23 14 49 22 8 7 78 29 44 85 71 98 29 74 90 7 54 14 73 55 90 51 49 39 58 35 69 66 52 25 86 48 39 85 39 32 
4 54 40 36 75 52 47 71 15 5 52 86 80 46 55 19 28 85 56 71 92 79 76 82 60 48 47 51 72 48 18 58 6 12 94 61 68 72 80 68 27 33 47 45 20 24 80 9 0 79 79 9 37 96 73 38 78 35 40 20 68 32 71 65 56 60 57 27 90 78 31 53 89 32 84 44 1 52 11 73 40 77 14 70 70 50 12 13 60 14 90 32 20 26 65 87 67 19 87 92 99 99 37 49 15 41 46 79 64 1 55 21 85 24 56 60 41 38 3 35 
71 85 36 42 13 87 36 50 58 44 5 34 4 89 25 80 19 73 53 6 77 58 53 69 94 61 61 49 2 1 94 82 60 39 86 82 71 59 63 16 7 63 82 44 55 94 68 39 79 0 70 44 91 41 84 61 46 19 69 27 61 46 59 24 2 41 14 78 63 52 95 48 62 58 65 98 24 2 3 68 84 5 9 78 15 14 99 7 96 69 98 87 29 74 35 84 59 49 10 15 32 25 25 23 75 26 20 97 75 62 86 8 54 89 62 76 69 18 44 29 
22 11 82 82 19 16 63 51 62 12 80 72 48 79 78 52 87 44 79 64 88 46 67 68 83 61 66 36 34 80 79 52 12 88 96 50 36 63 77 71 32 7 24 94 76 11 55 67 79 70 0 18 53 49 92 95 60 22 87 72 93 10 11 21 84 16 47 39 20 61 7 24 32 92 1 84 72 10 68 66 3 66 48 87 26 20 5 53 71 5 23 63 60 41 70 71 24 77 32 59 28 73 31 19 57 45 37 60 89 57 84 57 2 49 9 55 24 94 54 71 
50 97 29 3 31 72 69 33 41 30 76 9 71 60 90 33 2 9 98 95 62 86 26 62 81 49 63 53 71 8 62 70 36 17 71 79 35 43 77 4 84 74 21 6 70 73 70 60 9 44 18 0 24 43 69 62 31 73 27 36 89 95 22 61 33 91 87 19 10 30 75 31 59 40 95 26 74 74 54 76 78 61 27 7 85 68 78 34 92 52 37 34 84 41 14 65 52 74 7 57 22 60 31 46 69 58 20 83 32 71 61 76 34 18 79 97 1 83 42 68 
58 56 23 86 60 49 63 91 73 77 32 52 43 98 36 38 35 56 54 25 3 26 38 84 99 83 22 32 61 53 36 54 52 57 74 12 25 19 75 48 50 38 5 3 71 52 82 98 37 91 53 24 0 86 63 35 25 98 73 13 51 64 65 34 60 36 20 7 24 97 61 19 97 63 10 24 41 77 98 7 80 35 81 7 33 13 71 96 52 46 18 88 87 85 7 58 58 84 73 7 88 19 31 7 88 14 54 62 41 39 17 48 39 98 1 66 49 70 32 66 
4 62 39 94 6 29 33 21 66 90 77 34 6 43 58 31 3 18 61 47 23 74 4 70 93 9 14 2 20 10 59 90 85 10 56 1 62 59 71 43 66 3 24 63 94 30 42 67 96 41 49 43 86 0 1 76 77 20 85 83 64 39 55 87 13 22 19 46 60 61 13 29 12 14 61 83 60 88 84 3 34 92 10 3 77 44 82 18 89 54 51 76 7 37 95 17 77 99 63 23 71 70 83 16 96 19 22 10 3 79 79 7 97 60 37 26 6 62 9 7 
69 57 42 37 17 84 46 53 23 33 53 62 21 65 32 41 18 61 1 21 83 75 26 39 39 86 23 65 16 25 32 70 74 65 16 48 88 76 48 2 55 46 26 37 23 20 32 6 73 84 92 69 63 1 0 21 57 14 94 4 79 6 82 91 40 99 8 33 11 69 45 99 82 80 98 20 50 67 62 51 26 41 25 56 3 87 6 10 95 81 26 54 72 66 56 64 8 69 87 40 58 74 78 39 32 77 60 82 28 90 40 9 4 15 99 10 76 79 82 65 
25 90 75 47 96 28 89 39 3 51 39 8 58 6 40 51 86 33 15 23 94 7 85 75 11 69 28 32 98 52 31 30 13 84 97 24 74 13 79 82 1 14 47 95 82 3 83 26 38 61 95 62 35 76 21 0 74 84 16 65 53 48 27 54 17 26 8 25 5 10 26 37 90 81 53 70 55 26 42 19 12 81 4 2 18 51 91 19 46 45 49 21 92 17 36 30 8 29 7 30 98 97 95 3 89 91 61 70 1 87 15 69 74 16 87 90 45 68 16 51 
44 22 78 81 97 44 43 66 87 52 84 60 60 91 15 74 12 99 61 1 99 3 65 64 88 40 26 19 99 86 49 91 36 27 50 82 21 29 32 48 51 42 32 60 29 37 34 89 78 46 60 31 25 77 57 74 0 35 53 15 71 31 29 93 73 35 60 15 81 13 87 64 86 79 3 10 76 31 33 20 68 77 31 71 9 18 75 67 49 66 17 33 18 78 59 12 67 34 8 7 5 63 1 22 21 38 51 59 82 79 7 47 13 62 50 52 28 60 15 22 
77 97 71 28 61 20 58 81 2 43 81 42 55 77 94 69 94 84 67 70 48 31 1 73 66 64 18 67 54 92 31 63 17 3 56 91 77 46 34 17 82 34 26 84 98 23 74 7 35 19 22 73 98 20 14 84 35 0 88 54 14 75 35 50 71 24 54 52 13 71 11 99 5 97 12 75 38 32 44 95 38 87 1 39 26 23 45 94 47 86 14 32 47 82 67 37 53 35 32 14 48 19 26 64 87 6 24 20 31 5 8 52 99 67 65 28 96 56 1 44 
27 84 26 73 44 80 26 58 73 24 75 28 78 56 49 81 54 28 96 23 30 78 53 13 96 55 33 16 70 76 97 77 10 39 7 13 73 50 44 69 38 4 19 20 74 57 10 16 40 69 87 27 73 85 94 16 53 88 0 44 91 63 65 5 7 25 24 28 31 69 26 94 51 68 3 99 86 57 19 13 25 38 70 65 59 1 65 14 22 38 99 15 18 91 90 23 21 51 73 49 11 24 97 66 13 21 86 22 47 32 27 35 59 91 83 70 15 80 84 79 
53 26 49 29 32 71 33 53 52 90 71 52 25 43 14 16 60 96 40 28 96 79 82 35 89 14 94 44 21 15 97 21 85 86 33 57 59 95 10 22 77 5 12 24 58 99 89 75 20 27 72 36 13 83 4 65 15 54 44 0 63 26 68 18 20 55 38 1 81 62 62 4 17 54 78 25 65 20 72 63 54 5 5 72 84 70 80 61 98 54 33 88 7 3 41 6 22 4 12 80 68 7 76 47 17 64 5 20 41 38 63 59 6 80 87 75 45 11 7 33 
81 15 51 3 45 89 34 90 72 44 27 41 59 21 20 64 83 53 72 26 99 92 47 25 60 62 15 40 36 82 21 56 59 31 30 82 56 23 57 62 71 31 54 31 51 95 75 60 68 61 93 89 51 64 79 53 71 14 91 63 0 41 9 67 96 73 58 25 95 34 48 95 53 92 12 37 7 61 30 50 56 7 41 64 8 76 27 56 32 83 96 55 78 77 7 96 91 79 58 14 84 24 21 66 91 85 55 67 84 88 38 17 8 81 69 16 16 83 21 48 
42 14 63 14 25 87 7 20 88 89 58 72 80 89 16 65 12 51 8 65 81 97 85 84 74 41 86 21 39 62 7 89 49 87 94 29 16 77 87 30 21 66 46 18 21 59 96 20 32 46 10 95 64 39 6 48 31 75 63 26 41 0 21 59 10 97 56 60 89 8 26 10 11 37 40 21 83 76 29 99 41 86 84 6 11 49 61 68 60 34 22 77 84 7 22 15 42 66 79 69 39 92 54 81 95 13 90 78 61 58 52 15 68 49 55 10 23 34 99 57 
83 85 45 42 63 12 66 95 78 96 31 46 37 69 98 92 84 81 17 46 2 43 18 35 96 74 53 2 50 41 75 96 22 54 79 36 83 57 47 45 55 70 7 99 30 22 2 51 71 59 11 22 65 55 82 27 29 35 65 68 9 21 0 81 15 32 20 43 32 74 28 62 15 54 41 91 44 12 74 73 32 52 59 16 49 4 26 65 29 69 60 60 84 78 5 70 67 74 44 88 84 74 79 63 5 73 41 98 13 19 55 36 20 32 10 71 30 33 86 95 
16 44 55 37 80 66 52 65 63 29 65 95 81 19 42 21 4 92 67 39 76 19 55 23 92 75 26 1 82 13 36 2 48 32 20 81 42 90 38 97 16 89 21 40 33 35 20 23 65 24 21 61 34 87 91 54 93 50 5 18 67 59 81 0 87 85 84 12 85 97 96 83 29 90 37 18 96 22 11 80 62 40 89 91 72 84 46 13 20 45 20 85 64 42 64 31 52 12 54 32 75 92 69 11 21 88 73 78 1 39 89 48 6 47 75 72 94 58 18 47 
65 7 1 41 22 94 32 43 49 65 39 10 59 93 36 55 84 80 62 58 2 84 36 90 35 69 61 46 59 28 37 63 72 31 29 9 64 39 37 67 46 75 6 56 44 40 12 3 56 2 84 33 60 13 40 17 73 71 7 20 96 10 15 87 0 38 88 88 74 4 51 64 64 61 53 49 52 7 64 94 2 25 23 89 49 35 23 40 19 64 75 89 18 8 28 87 79 3 51 17 44 80 12 78 14 95 39 1 72 27 93 77 95 89 55 17 63 74 57 54 
69 78 87 19 20 16 8 48 1 87 19 89 52 50 26 24 1 27 70 53 53 90 79 41 51 25 84 83 13 45 74 55 57 37 79 17 28 87 11 35 30 37 68 24 92 55 73 76 60 41 16 91 36 22 99 26 35 24 25 55 73 97 32 85 38 0 40 19 65 79 69 59 51 54 44 48 51 48 88 95 55 75 66 4 45 12 53 57 41 15 39 98 14 47 62 6 62 15 78 66 93 48 77 14 6 23 42 7 16 31 47 93 33 19 30 72 4 1 51 70 
26 57 17 98 78 52 14 22 43 59 96 47 64 84 52 7 94 38 51 53 93 89 61 88 52 26 69 30 76 1 39 11 52 16 42 7 97 12 51 89 71 66 12 17 48 29 42 76 57 14 47 87 20 19 8 8 60 54 24 38 58 56 20 84 88 40 0 41 36 52 16 50 9 68 66 35 35 86 39 3 46 59 18 34 93 9 45 6 10 42 51 74 78 63 8 33 80 67 42 78 77 49 92 14 76 2 33 28 10 37 8 55 12 90 37 81 59 77 64 24 
99 60 20 39 34 99 4 98 40 89 42 59 74 16 35 25 86 25 59 33 65 57 51 76 83 34 90 27 54 55 72 32 68 22 93 22 83 20 78 87 15 57 45 10 47 12 24 51 27 78 39 19 7 46 33 25 15 52 28 1 25 60 43 12 88 19 41 0 33 66 80 76 74 63 18 87 66 6 77 60 45 93 30 57 57 68 54 18 13 53 83 94 20 61 58 34 62 89 74 80 33 61 71 19 35 74 39 72 23 16 55 28 24 27 12 61 31 62 98 74 
88 16 10 64 5 87 29 2 4 52 96 22 84 18 23 1 52 57 80 70 76 43 47 78 83 19 25 8 25 65 57 70 4 93 25 35 90 89 20 78 14 78 45 92 58 60 36 42 90 63 20 10 24 60 11 5 81 13 31 81 95 89 32 85 74 65 36 33 0 45 81 24 65 72 18 65 13 85 39 77 38 38 84 44 88 78 14 44 91 28 47 69 5 99 32 59 90 42 64 97 83 55 88 40 72 37 40 71 17 11 26 48 12 79 64 44 94 42 24 34 
8 25 93 47 40 46 16 90 58 23 58 55 89 62 34 49 92 41 15 80 79 5 24 39 52 79 58 53 96 17 72 96 93 48 90 48 72 51 46 98 77 71 27 31 80 3 59 9 78 52 61 30 97 61 69 10 13 71 69 62 34 8 74 97 4 79 52 66 45 0 89 47 26 46 31 95 87 26 97 38 7 23 30 84 32 88 98 54 16 84 87 16 79 36 7 2 9 83 12 79 81 93 40 7 27 74 77 65 35 27 83 39 92 9 19 25 6 56 46 3 
27 10 52 90 68 64 30 39 44 11 49 1 83 8 62 81 33 53 78 6 63 12 66 76 92 47 64 4 23 91 68 48 51 74 11 46 74 75 35 39 82 17 86 49 2 4 30 48 31 95 7 75 61 13 45 26 87 11 26 62 48 26 28 96 51 69 16 80 81 89 0 25 48 58 40 80 38 52 10 38 9 70 16 57 67 38 23 76 19 7 78 72 35 41 53 25 50 7 33 67 13 59 87 33 49 46 56 33 27 16 60 57 31 67 28 94 21 49 39 23 
26 67 11 3 35 43 67 13 54 32 43 20 56 65 79 29 87 39 13 34 77 25 1 22 25 79 13 22 34 18 50 49 54 45 70 43 97 92 36 11 48 43 57 50 13 87 15 84 53 48 24 31 19 29 99 37 64 99 94 4 95 10 62 83 64 59 50 76 24 47 25 0 65 62 85 88 68 70 67 8 16 26 95 63 28 94 19 91 85 74 80 37 1 13 24 98 10 47 87 76 75 6 70 43 4 34 77 21 58 2 67 80 78 62 78 79 86 51 86 17 
23 72 69 99 35 23 62 19 44 10 53 20 79 56 8 89 85 20 12 65 49 23 33 16 56 8 19 84 25 60 62 11 88 5 16 26 61 91 8 22 44 98 81 38 40 11 2 28 89 62 32 59 97 12 82 90 86 5 51 17 53 11 15 29 64 51 9 74 65 26 48 65 0 2 22 58 23 17 68 38 61 79 81 91 1 38 77 81 82 8 61 93 24 13 51 16 64 9 3 43 18 16 51 26 64 52 55 28 45 59 80 5 12 37 22 93 10 91 22 13 
10 54 24 29 43 83 84 78 75 7 23 86 71 3 33 2 82 45 80 54 37 7 13 56 69 78 27 80 31 91 83 41 80 67 47 36 90 41 72 17 76 58 54 52 20 28 50 10 32 58 92 40 63 14 80 81 79 97 68 54 92 37 54 90 61 54 68 63 72 46 58 62 2 0 46 98 29 40 3 48 71 51 19 92 93 37 83 74 57 66 5 48 39 80 76 19 50 64 71 55 43 70 42 21 17 1 40 68 36 22 87 52 91 65 4 9 60 2 10 62 
68 70 15 79 79 41 97 78 99 31 65 28 28 91 4 74 6 21 96 54 50 5 91 69 66 9 78 63 88 96 99 26 93 44 30 76 80 60 2 79 63 94 38 22 56 2 95 71 84 65 1 95 10 61 98 53 3 12 3 78 12 40 41 37 53 44 66 18 18 31 40 85 22 46 0 25 38 96 71 52 83 84 74 6 58 19 46 63 87 79 87 67 51 22 94 73 71 77 81 37 69 37 77 45 48 45 52 21 3 47 77 37 46 15 25 85 72 31 94 96 
24 37 64 76 83 45 59 89 98 68 71 98 24 5 68 22 12 64 35 54 15 80 76 83 38 39 26 70 1 38 84 73 40 19 45 27 89 3 4 8 26 6 47 1 60 62 40 19 44 98 84 26 24 83 20 70 10 75 99 25 37 21 91 18 49 48 35 87 65 95 80 88 58 98 25 0 12 51 73 69 95 80 63 49 83 36 13 82 32 71 3 71 86 26 25 53 37 2 90 52 96 63 42 68 67 43 55 53 72 31 29 24 10 9 46 94 46 70 21 92 
28 22 22 59 39 17 83 91 76 19 62 22 54 17 96 1 70 22 7 13 74 29 26 69 58 50 1 68 88 73 86 88 81 60 20 54 23 9 47 54 26 90 12 32 58 71 28 79 1 24 72 74 41 60 50 55 76 38 86 65 7 83 44 96 52 51 35 66 13 87 38 68 23 29 38 12 0 8 18 64 40 62 57 50 43 44 96 86 90 59 98 22 27 23 91 52 59 98 71 28 4 32 11 54 44 25 23 88 16 76 68 24 55 59 67 16 92 27 25 6 
38 41 47 43 49 18 35 84 60 13 61 95 70 78 58 77 10 66 70 81 22 54 56 12 98 15 23 9 36 84 88 23 83 91 84 88 35 76 62 54 73 88 65 94 67 13 58 70 52 2 10 74 77 88 67 26 31 32 57 20 61 76 12 22 7 48 86 6 85 26 52 70 17 40 96 51 8 0 27 45 94 81 82 68 58 66 1 12 34 19 61 6 6 72 15 81 26 55 19 85 45 59 71 96 49 11 91 47 73 33 29 76 4 53 34 82 56 91 20 64 
58 78 4 27 82 89 31 40 67 74 97 19 69 69 97 33 47 69 86 97 33 31 70 37 88 18 15 73 46 82 48 50 83 30 75 75 56 72 7 68 43 30 57 19 89 31 20 62 11 3 68 54 98 84 62 42 33 44 19 72 30 29 74 11 64 88 39 77 39 97 10 67 68 3 71 73 18 27 0 12 4 40 31 23 78 63 65 57 72 36 53 47 9 81 61 4 23 32 96 96 56 11 79 56 19 95 88 78 16 90 55 63 75 51 78 56 67 37 63 37 
84 92 57 22 6 1 58 99 75 75 28 68 24 31 47 41 75 93 45 34 72 22 6 58 45 46 75 44 64 40 1 56 3 78 80 67 8 30 4 78 62 96 84 40 58 68 33 84 73 68 66 76 7 3 51 19 20 95 13 63 50 99 73 80 94 95 3 60 77 38 38 8 38 48 52 69 64 45 12 0 14 66 53 27 73 90 93 92 48 99 13 54 43 17 49 21 8 85 24 77 38 16 5 16 9 49 37 67 78 19 45 39 12 30 97 74 6 94 31 45 
39 50 89 59 92 98 97 16 92 92 1 36 47 53 90 82 94 19 71 52 1 28 15 28 58 58 40 96 9 44 66 89 31 10 45 78 38 96 9 13 45 70 23 45 54 80 12 36 40 84 3 78 80 34 26 12 68 38 25 54 56 41 32 62 2 55 46 45 38 7 9 16 61 71 83 95 40 94 4 14 0 2 39 5 33 86 71 61 4 13 68 12 14 29 4 98 71 29 75 90 16 42 14 2 52 77 84 72 56 10 81 8 28 45 6 47 79 96 70 51 
9 48 81 17 9 83 50 38 6 66 27 96 40 85 22 84 33 69 73 56 47 6 88 80 42 78 76 90 42 71 22 4 86 24 99 61 99 11 37 87 45 87 57 50 56 62 52 36 77 5 66 61 35 92 41 81 77 87 38 5 7 86 52 40 25 75 59 93 38 23 70 26 79 51 84 80 62 81 40 66 2 0 65 88 61 33 88 28 45 45 44 25 19 76 80 1 55 47 95 2 20 71 71 35 63 10 5 63 49 47 49 91 81 11 71 26 20 9 65 3 
33 78 47 93 41 72 47 97 27 86 51 30 67 37 93 31 39 17 13 81 25 36 3 2 33 88 20 77 15 91 22 29 48 91 13 53 1 73 85 86 54 42 77 45 3 58 88 57 14 9 48 27 81 10 25 4 31 1 70 5 41 84 59 89 23 66 18 30 84 30 16 95 81 19 74 63 57 82 31 53 39 65 0 73 65 94 20 74 67 32 66 65 69 46 92 94 23 98 55 62 48 25 24 27 34 84 95 41 19 15 39 64 7 72 53 15 44 80 84 41 
35 41 55 38 70 15 84 37 68 54 21 23 78 99 85 88 43 79 47 55 81 73 92 13 28 27 10 73 63 24 40 25 66 9 87 50 76 64 49 29 33 82 75 24 34 8 86 54 70 78 87 7 7 3 56 2 71 39 65 72 64 6 16 91 89 4 34 57 44 84 57 63 91 92 6 49 50 68 23 27 5 88 73 0 22 61 97 23 49 86 72 96 38 85 67 57 51 66 89 21 1 76 15 94 27 72 91 75 27 6 99 76 68 16 78 25 27 57 79 2 
11 79 80 12 6 37 42 99 32 43 27 57 27 60 59 54 64 60 83 13 38 83 65 2 56 32 72 59 11 31 77 21 42 92 78 37 74 14 82 14 29 52 72 37 45 43 65 23 70 15 26 85 33 77 3 18 9 26 59 84 8 11 49 72 49 45 93 57 88 32 67 28 1 93 58 83 43 58 78 73 33 61 65 22 0 22 79 1 91 61 75 53 88 44 64 29 59 92 13 95 14 9 70 27 64 4 5 35 60 8 76 41 20 69 28 88 6 1 83 45 
24 46 72 23 8 27 21 2 12 7 66 11 25 32 65 34 24 57 8 86 17 49 99 9 64 59 54 69 30 74 61 66 57 15 50 61 64 36 15 62 6 47 37 82 54 4 77 14 50 14 20 68 13 44 87 51 18 23 1 70 76 49 4 84 35 12 9 68 78 88 38 94 38 37 19 36 44 66 63 90 86 33 94 61 22 0 54 55 89 68 30 22 37 40 54 64 17 96 72 77 63 73 22 74 19 83 55 75 74 4 31 79 70 99 97 17 33 49 18 24 
16 88 15 7 79 33 41 33 4 10 78 43 18 36 41 83 41 45 30 11 53 52 88 90 81 24 67 59 31 64 3 88 42 88 32 96 58 62 16 7 21 59 51 90 38 54 61 49 12 99 5 78 71 82 6 91 75 45 65 80 27 61 26 46 23 53 45 54 14 98 23 19 77 83 46 13 96 1 65 93 71 88 20 97 79 54 0 76 94 92 65 89 64 71 60 96 28 55 36 30 29 33 54 98 78 81 77 84 4 89 70 58 89 81 48 19 35 70 77 85 
88 17 78 97 38 2 51 31 55 37 19 73 88 33 79 23 64 36 61 82 69 95 59 64 92 38 28 82 38 91 41 10 80 48 54 48 65 28 49 58 62 40 32 70 63 90 9 22 13 7 53 34 96 18 10 19 67 94 14 61 56 68 65 13 40 57 6 18 44 54 76 91 81 74 63 82 86 12 57 92 61 28 74 23 1 55 76 0 33 27 1 75 20 45 29 4 53 93 58 9 62 11 20 28 99 7 36 54 9 22 87 31 96 69 13 52 23 21 94 33 
26 29 16 15 79 49 5 8 2 88 61 32 2 51 79 4 64 40 83 79 93 25 25 91 77 43 89 64 98 49 78 12 45 73 88 70 40 6 44 46 8 84 24 75 74 13 40 8 60 96 71 92 52 89 95 46 49 47 22 98 32 60 29 20 19 41 10 13 91 16 19 85 82 57 87 32 90 34 72 48 4 45 67 49 91 89 94 33 0 91 96 2 38 25 83 1 7 68 82 5 13 15 59 5 85 94 50 22 41 82 18 67 54 47 33 9 33 75 32 60 
72 46 26 88 34 89 10 51 14 60 83 13 46 52 63 35 32 62 74 72 91 77 46 16 57 94 3 93 40 45 44 22 95 38 93 35 15 49 44 62 52 16 29 86 61 75 85 7 14 69 5 52 46 54 81 45 66 86 38 54 83 34 69 45 64 15 42 53 28 84 7 74 8 66 79 71 59 19 36 99 13 45 32 86 61 68 92 27 91 0 50 12 12 55 9 10 73 90 96 73 48 74 77 12 70 58 95 45 4 22 65 32 44 37 87 60 16 40 69 2 
93 68 54 76 28 23 1 51 60 9 60 83 59 6 63 50 19 33 47 85 8 41 15 86 27 90 72 53 11 95 84 59 80 42 79 62 23 37 58 52 98 76 1 69 70 76 98 78 90 98 23 37 18 51 26 49 17 14 99 33 96 22 60 20 75 39 51 83 47 87 78 80 61 5 87 3 98 61 53 13 68 44 66 72 75 30 65 1 96 50 0 15 83 78 69 32 57 38 30 48 70 6 35 28 64 63 12 59 9 54 37 75 13 27 77 3 86 71 21 48 
75 67 85 36 52 35 91 33 57 54 63 8 22 34 48 89 41 68 87 30 61 86 78 81 63 82 86 38 68 17 60 88 87 90 3 33 27 83 86 94 51 94 40 62 73 60 19 29 32 87 63 34 88 76 54 21 33 32 15 88 55 77 60 85 89 98 74 94 69 16 72 37 93 48 67 71 22 6 47 54 12 25 65 96 53 22 89 75 2 12 15 0 47 1 53 98 6 17 45 30 49 51 87 18 97 58 33 79 2 22 95 1 77 22 85 92 80 53 57 67 
63 79 59 64 78 95 22 44 82 88 39 88 18 1 28 71 6 54 85 13 10 29 87 85 54 97 20 48 55 60 67 95 34 31 70 48 16 68 68 7 84 94 62 44 87 35 4 44 20 29 60 84 87 7 72 92 18 47 18 7 78 84 84 64 18 14 78 20 5 79 35 1 24 39 51 86 27 6 9 43 14 19 69 38 88 37 64 20 38 12 83 47 0 92 89 79 96 57 10 12 85 60 14 49 33 46 20 84 34 84 47 55 73 66 72 57 34 54 60 74 
47 47 86 33 31 22 75 42 9 19 24 9 57 10 72 38 93 63 98 64 35 41 33 28 93 27 15 52 78 91 79 65 55 40 97 19 82 7 47 58 22 53 33 47 83 70 47 85 26 74 41 41 85 37 66 17 78 82 91 3 77 7 78 42 8 47 63 61 99 36 41 13 13 80 22 26 23 72 81 17 29 76 46 85 44 40 71 45 25 55 78 1 92 0 69 50 36 69 72 52 97 7 85 5 24 22 36 60 40 67 61 34 9 4 69 7 8 68 30 95 
33 1 30 92 44 69 22 70 39 22 69 62 34 32 43 34 80 76 48 8 64 48 92 94 23 47 14 24 46 45 86 79 16 6 23 92 77 39 51 41 10 57 67 54 13 51 41 71 65 35 70 14 7 95 56 36 59 67 90 41 7 22 5 64 28 62 8 58 32 7 53 24 51 76 94 25 91 15 61 49 4 80 92 67 64 54 60 29 83 9 69 53 89 69 0 78 98 37 75 30 91 56 50 82 46 11 16 71 24 37 25 70 26 73 99 77 79 45 97 12 
89 30 45 50 47 68 34 2 5 68 70 24 44 36 15 13 83 9 89 71 67 24 73 8 39 19 98 71 74 86 51 88 28 34 43 92 93 19 3 8 78 26 59 75 49 98 32 98 87 84 71 65 58 17 64 30 12 37 23 6 96 15 70 31 87 6 33 34 59 2 25 98 16 19 73 53 52 81 4 21 98 1 94 57 29 64 96 4 1 10 32 98 79 50 78 0 11 84 94 53 31 31 63 22 23 43 57 96 93 38 44 86 96 73 95 2 17 27 2 98 
24 64 38 1 10 49 39 98 71 15 62 35 76 89 94 38 75 35 74 83 69 29 39 15 21 25 83 1 69 49 23 72 38 75 3 74 27 72 1 5 12 80 47 13 9 93 96 29 67 59 24 52 58 77 8 8 67 53 21 22 91 42 67 52 79 62 80 62 90 9 50 10 64 50 71 37 59 26 23 8 71 55 23 51 59 17 28 53 7 73 57 6 96 36 98 11 0 53 60 54 80 56 76 96 85 29 55 14 8 16 84 35 52 44 91 76 79 52 58 30 
56 76 23 23 68 19 38 52 77 21 88 95 99 61 52 80 41 34 77 64 14 85 84 76 59 40 23 24 24 18 38 87 6 20 21 82 50 54 82 93 68 37 80 36 84 22 43 74 19 49 77 74 84 99 69 29 34 35 51 4 79 66 74 12 3 15 67 89 42 83 7 47 9 64 77 2 98 55 32 85 29 47 98 66 92 96 55 93 68 90 38 17 57 69 37 84 53 0 69 61 50 81 3 4 79 88 73 26 40 10 44 57 65 10 2 82 16 87 84 80 
66 36 92 98 4 98 44 31 74 86 67 4 3 39 19 66 26 93 88 65 67 90 21 13 44 76 62 23 82 52 14 83 65 94 57 13 89 16 59 8 36 5 38 18 65 86 63 90 87 10 32 7 73 63 87 7 8 32 73 12 58 79 44 54 51 78 42 74 64 12 33 87 3 71 81 90 71 19 96 24 75 95 55 89 13 72 36 58 82 96 30 45 10 72 75 94 60 69 0 64 93 6 82 65 28 19 16 12 71 92 52 6 69 21 53 60 37 3 69 27 
78 54 55 71 68 12 34 83 6 10 20 56 97 12 79 7 69 26 46 45 92 38 25 62 20 40 82 88 65 49 16 1 35 38 40 42 33 53 19 19 38 83 54 12 27 76 24 7 92 15 59 57 7 23 40 30 7 14 49 80 14 69 88 32 17 66 78 80 97 79 67 76 43 55 37 52 28 85 96 77 90 2 62 21 95 77 30 9 5 73 48 30 12 52 30 53 54 61 64 0 22 45 43 43 49 54 5 17 50 21 20 34 65 85 46 35 36 89 25 61 
4 94 77 37 55 12 96 50 80 43 37 69 91 45 11 80 50 68 37 70 1 6 72 21 46 7 12 60 82 7 85 43 43 90 38 58 26 47 46 52 42 95 91 5 53 44 17 54 99 32 28 22 88 71 58 98 5 48 11 68 84 39 84 75 44 93 77 33 83 81 13 75 18 43 69 96 4 45 56 38 16 20 48 1 14 63 29 62 13 48 70 49 85 97 91 31 80 50 93 22 0 13 82 37 39 16 86 90 84 43 90 67 97 75 40 95 1 11 33 2 
1 34 13 19 98 53 42 82 85 67 18 16 84 44 36 93 83 2 88 76 35 24 28 38 76 69 29 9 82 77 47 35 88 16 27 71 99 98 66 73 10 12 89 88 18 4 89 14 99 25 73 60 19 70 74 97 63 19 24 7 24 92 74 92 80 48 49 61 55 93 59 6 16 70 37 63 32 59 11 16 42 71 25 76 9 73 33 11 15 74 6 51 60 7 56 31 56 81 6 45 13 0 88 27 36 40 31 7 66 80 55 59 45 82 17 92 62 77 84 85 
78 3 60 28 64 77 72 83 60 21 22 25 27 8 50 4 87 99 40 89 71 69 38 63 38 40 45 3 33 67 39 67 45 13 22 3 53 75 28 3 16 43 34 27 28 85 32 73 37 25 31 31 31 83 78 95 1 26 97 76 21 54 79 69 12 77 92 71 88 40 87 70 51 42 77 42 11 71 79 5 14 71 24 15 70 22 54 20 59 77 35 87 14 85 50 63 76 3 82 43 82 88 0 3 87 35 77 86 44 23 72 22 80 98 48 60 72 64 36 30 
7 85 27 29 81 69 70 96 32 17 78 95 27 63 94 33 47 9 38 35 17 21 96 67 85 47 3 19 94 87 90 58 91 98 4 35 61 54 97 83 94 23 35 66 43 7 98 55 49 23 19 46 7 16 39 3 22 64 66 47 66 81 63 11 78 14 14 19 40 7 33 43 26 21 45 68 54 96 56 16 2 35 27 94 27 74 98 28 5 12 28 18 49 5 82 22 96 4 65 43 37 27 3 0 54 35 14 70 48 91 6 55 98 33 13 28 92 99 70 18 
53 84 77 53 29 46 71 72 91 59 27 63 53 57 80 86 14 90 7 15 38 14 83 34 35 22 4 4 15 36 55 93 43 65 63 81 78 4 84 47 86 85 26 17 49 2 76 90 15 75 57 69 88 96 32 89 21 87 13 17 91 95 5 21 14 6 76 35 72 27 49 4 64 17 48 67 44 49 19 9 52 63 34 27 64 19 78 99 85 70 64 97 33 24 46 23 85 79 28 49 39 36 87 54 0 31 34 58 14 3 74 35 52 16 8 72 77 13 22 67 
86 49 72 95 38 65 24 22 8 78 33 27 56 97 90 45 22 28 44 60 18 57 17 58 88 68 11 15 31 45 28 7 45 1 29 67 6 25 59 19 77 29 79 76 54 66 84 51 41 26 45 58 14 19 77 91 38 6 21 64 85 13 73 88 95 23 2 74 37 74 46 34 52 1 45 43 25 11 95 49 77 10 84 72 4 83 81 7 94 58 63 58 46 22 11 43 29 88 19 54 16 40 35 35 31 0 10 37 60 72 46 34 92 78 34 74 98 85 39 71 
71 55 88 51 65 90 87 19 67 43 9 99 8 94 5 30 81 30 59 89 39 30 55 75 59 74 32 80 39 79 30 71 53 70 10 88 47 44 21 87 30 57 20 26 93 97 7 49 46 20 37 20 54 22 60 61 51 24 86 5 55 90 41 73 39 42 33 39 40 77 56 77 55 40 52 55 23 91 88 37 84 5 95 91 5 55 77 36 50 95 12 33 20 36 16 57 55 73 16 5 86 31 77 14 34 10 0 86 37 95 13 43 69 26 89 95 41 82 87 58 
3 33 40 47 38 41 40 47 33 36 9 48 63 53 6 47 82 90 2 34 83 29 97 73 2 25 92 68 97 99 49 3 89 51 55 72 65 26 97 30 53 33 84 64 15 19 19 39 79 97 60 83 62 10 82 70 59 20 22 20 67 78 98 78 1 7 28 72 71 65 33 21 28 68 21 53 88 47 78 67 72 63 41 75 35 75 84 54 22 45 59 79 84 60 71 96 14 26 12 17 90 7 86 70 58 37 86 0 57 82 54 3 13 6 29 22 47 90 94 23 
77 29 44 8 94 8 32 45 47 76 21 88 32 25 87 68 95 78 84 25 15 92 53 6 41 72 97 35 88 1 16 13 58 48 2 15 11 27 44 36 26 59 53 25 85 54 46 58 64 75 89 32 41 3 28 1 82 31 47 41 84 61 13 1 72 16 10 23 17 35 27 58 45 36 3 72 16 73 16 78 56 49 19 27 60 74 4 9 41 4 9 2 34 40 24 93 8 40 71 50 84 66 44 48 14 60 37 57 0 98 51 98 15 82 69 82 22 4 90 73 
92 56 77 86 19 8 38 92 76 29 69 36 80 44 30 67 50 11 30 4 38 55 74 1 86 33 30 82 1 39 74 91 81 19 29 27 98 2 85 12 87 87 76 17 46 8 65 35 1 62 57 71 39 79 90 87 79 5 32 38 88 58 19 39 27 31 37 16 11 27 16 2 59 22 47 31 76 33 90 19 10 47 15 6 8 4 89 22 82 22 54 22 84 67 37 38 16 10 92 21 43 80 23 91 3 72 95 82 98 0 51 52 20 53 20 60 24 59 77 36 
22 83 39 17 79 34 39 10 83 86 83 17 93 52 54 29 52 62 49 42 63 29 6 3 38 13 56 65 38 19 30 5 3 69 7 40 2 7 12 53 38 69 85 80 29 71 54 69 55 86 84 61 17 79 40 15 7 8 27 63 38 52 55 89 93 47 8 55 26 83 60 67 80 87 77 29 68 29 55 45 81 49 39 99 76 31 70 87 18 65 37 95 47 61 25 44 84 44 52 20 90 55 72 6 74 46 13 54 51 51 0 73 71 31 81 90 52 63 50 44 
76 32 92 30 71 59 57 5 45 35 55 88 77 11 81 58 15 17 56 31 1 64 67 5 59 87 30 45 67 82 52 1 65 68 45 91 57 19 99 77 16 67 64 85 16 47 86 66 21 8 57 76 48 7 9 69 47 52 35 59 17 15 36 48 77 93 55 28 48 39 57 80 5 52 37 24 24 76 63 39 8 91 64 76 41 79 58 31 67 32 75 1 55 34 70 86 35 57 6 34 67 59 22 55 35 34 43 3 98 52 73 0 13 97 51 33 35 55 84 91 
8 29 70 12 93 8 88 78 65 45 86 91 47 95 73 85 31 80 46 23 34 82 81 65 8 66 34 43 43 37 50 35 74 67 68 59 73 35 91 38 23 23 97 57 34 26 44 52 85 54 2 34 39 97 4 74 13 99 59 6 8 68 20 6 95 33 12 24 12 92 31 78 12 91 46 10 55 4 75 12 28 81 7 68 20 70 89 96 54 44 13 77 73 9 26 96 52 65 69 65 97 45 80 98 52 92 69 13 15 20 71 13 0 46 46 9 53 79 90 22 
78 95 99 62 53 35 29 64 38 93 94 79 88 50 30 44 11 75 9 54 50 61 95 58 25 8 42 35 62 49 89 77 96 75 33 46 92 32 47 79 92 3 80 20 90 35 51 25 24 89 49 18 98 60 15 16 62 67 91 80 81 49 32 47 89 19 90 27 79 9 67 62 37 65 15 9 59 53 51 30 45 11 72 16 69 99 81 69 47 37 27 22 66 4 73 73 44 10 21 85 75 82 98 33 16 78 26 6 82 53 31 97 46 0 64 32 6 72 8 39 
73 75 34 15 11 5 37 24 48 83 75 88 71 19 39 95 86 77 35 97 78 70 51 36 25 3 66 79 19 4 65 9 50 70 30 83 57 97 38 70 37 74 99 34 71 56 43 86 56 62 9 79 1 37 99 87 50 65 83 87 69 55 10 75 55 30 37 12 64 19 28 78 22 4 25 46 67 34 78 97 6 71 53 78 28 97 48 13 33 87 77 85 72 69 99 95 91 2 53 46 40 17 48 13 8 34 89 29 69 20 81 51 46 64 0 9 60 94 72 94 
76 9 44 31 33 6 67 96 74 9 90 58 70 11 79 94 5 98 30 92 32 84 3 31 84 97 50 45 1 52 14 24 32 56 70 85 22 81 89 25 46 2 42 66 15 72 14 48 60 76 55 97 66 26 10 90 52 28 70 75 16 10 71 72 17 72 81 61 44 25 94 79 93 9 85 94 16 82 56 74 47 26 15 25 88 17 19 52 9 60 3 92 57 7 77 2 76 82 60 35 95 92 60 28 72 74 95 22 82 60 90 33 9 32 9 0 98 83 2 67 
77 33 27 9 47 62 11 60 91 31 24 25 56 62 55 21 8 1 1 92 58 73 90 5 42 21 26 61 46 49 53 62 32 66 13 53 87 99 41 70 67 34 39 30 91 64 8 39 41 69 24 1 49 6 76 45 28 96 15 45 16 23 30 94 63 4 59 31 94 6 21 86 10 60 72 46 92 56 67 6 79 20 44 27 6 33 35 23 33 16 86 80 34 8 79 17 79 16 37 36 1 62 72 92 77 98 41 47 22 24 52 35 53 6 60 98 0 43 99 47 
44 9 57 41 64 51 85 65 85 65 95 56 93 40 43 53 55 31 80 83 59 80 33 76 95 4 86 68 83 4 95 28 42 82 91 14 38 44 7 30 4 81 40 39 80 95 1 85 38 18 94 83 70 62 79 68 60 56 80 11 83 34 33 58 74 1 77 62 42 56 49 51 91 2 31 70 27 91 37 94 96 9 80 57 1 49 70 21 75 40 71 53 54 68 45 27 52 87 3 89 11 77 64 99 13 85 82 90 4 59 63 55 79 72 94 83 43 0 60 59 
21 85 70 49 94 77 1 83 16 78 91 50 99 7 65 32 60 4 20 98 74 49 8 81 28 86 49 43 95 89 60 16 40 51 16 10 73 52 45 78 59 8 7 84 66 12 6 39 3 44 54 42 32 9 82 16 15 1 84 7 21 99 86 18 57 51 64 98 24 46 39 86 22 10 94 21 25 20 63 31 70 65 84 79 83 18 77 94 32 69 21 57 60 30 97 2 58 84 69 25 33 84 36 70 22 39 87 94 90 77 50 84 90 8 72 2 99 60 0 58 
31 78 74 31 19 46 17 32 66 19 14 53 88 8 69 26 85 82 5 37 77 53 90 15 33 95 54 23 72 58 35 12 15 49 75 26 75 37 31 25 96 64 9 54 14 13 14 32 35 29 71 68 66 7 65 51 22 44 79 33 48 57 95 47 54 70 24 74 34 3 23 17 13 62 96 92 6 64 37 45 51 3 41 2 45 24 85 33 60 2 48 67 74 95 12 98 30 80 27 61 2 85 30 18 67 71 58 23 73 36 44 91 22 39 94 67 47 59 58 0 
