140
0 38 13 73 10 76 6 80 65 17 2 77 72 7 26 51 21 19 85 12 29 30 15 51 69 88 88 95 97 87 14 10 8 64 62 23 58 2 1 61 82 9 89 14 48 73 31 72 4 71 22 50 58 4 69 25 44 77 27 53 81 42 83 16 65 69 26 99 88 8 27 26 23 10 68 24 28 38 58 84 39 9 33 35 11 24 16 88 26 72 93 75 63 47 33 89 24 56 66 78 4 1 78 7 53 86 71 3 77 92 22 76 8 78 73 76 77 44 21 31 37 8 46 69 58 83 97 14 11 24 82 8 25 75 93 21 33 13 66 95 
38 0 61 25 83 98 3 93 99 11 55 97 83 87 71 67 72 49 55 16 6 18 43 21 49 23 14 98 54 85 11 97 56 62 57 90 22 97 84 26 15 14 85 44 7 78 57 60 16 25 10 67 72 54 70 37 22 41 78 92 50 48 78 41 79 46 88 17 29 46 68 67 79 47 1 30 64 76 36 54 94 34 3 85 84 49 55 33 29 56 83 32 29 95 75 9 33 9 85 78 51 80 42 65 84 25 21 45 16 31 92 15 20 27 87 8 54 48 61 35 33 20 68 25 84 95 39 48 6 80 64 88 33 43 75 67 89 99 31 18 
13 61 0 69 65 61 79 18 40 36 82 29 23 39 42 75 78 71 26 49 51 63 45 55 1 87 17 20 10 93 52 11 69 24 15 64 22 47 4 57 89 81 47 55 80 72 15 78 16 26 54 85 59 86 30 45 38 23 92 55 77 13 60 27 77 72 88 40 44 77 39 92 70 99 34 44 27 57 70 74 53 90 28 44 2 83 95 97 27 85 31 65 23 99 53 4 71 13 40 84 49 62 71 14 37 24 23 67 93 96 54 10 42 58 89 94 77 83 12 37 17 31 85 58 36 42 82 3 86 94 37 47 81 28 73 29 3 14 42 37 
73 25 69 0 41 19 98 39 64 47 90 3 99 29 79 76 59 43 27 22 59 17 93 38 12 23 7 97 15 88 76 36 64 33 92 50 1 23 98 71 37 19 28 29 53 95 51 47 8 86 17 30 12 62 15 31 9 41 49 31 24 67 93 65 13 18 34 11 29 76 6 82 6 43 87 53 58 57 79 88 82 11 73 49 20 13 26 78 17 5 89 28 51 69 4 59 13 3 77 97 97 62 16 75 13 19 31 60 6 17 96 97 61 44 32 45 25 63 80 22 20 78 34 5 40 68 35 35 43 79 83 39 49 82 6 92 9 41 70 6 
10 83 65 41 0 8 79 38 79 34 28 52 78 31 44 47 10 68 4 68 55 98 64 81 29 38 65 38 94 19 79 71 93 53 11 33 47 64 94 19 37 30 40 29 55 30 56 91 28 61 13 18 72 92 8 84 57 52 33 77 63 52 97 31 23 6 92 96 23 77 23 19 94 30 19 53 32 50 99 84 94 46 52 87 16 72 49 29 84 28 44 20 80 71 89 87 12 66 94 16 52 99 87 46 64 43 23 83 41 45 17 18 89 1 98 83 72 15 37 27 33 2 49 89 23 35 95 22 69 68 49 19 98 12 12 53 77 69 46 65 
76 98 61 19 8 0 90 41 8 8 34 59 8 35 5 6 62 51 77 46 97 22 93 72 93 26 98 2 14 39 86 28 39 85 34 2 32 39 29 76 32 52 67 68 33 75 33 98 6 1 38 73 44 25 17 97 97 42 25 22 28 47 36 63 69 63 33 46 89 43 58 26 33 34 7 66 52 32 8 14 4 29 16 30 67 62 84 97 59 83 35 31 58 97 50 47 84 42 21 41 51 5 10 1 91 22 75 22 34 39 38 44 34 96 42 72 70 71 24 87 40 32 38 39 57 88 29 37 67 11 85 1 17 31 4 79 60 54 70 50 
6 3 79 98 79 90 0 75 47 28 34 73 69 40 33 98 8 34 63 15 78 44 62 86 37 13 54 27 83 13 26 2 42 56 56 65 16 93 41 61 71 50 51 33 91 21 53 39 66 81 58 53 90 20 95 65 43 48 22 98 2 90 39 13 19 78 78 89 91 84 40 99 16 38 97 37 99 2 33 31 8 51 51 33 44 42 70 2 98 52 31 83 50 82 83 96 72 22 19 47 45 92 10 5 78 64 24 96 60 65 83 32 2 85 79 69 55 26 84 28 57 93 9 56 77 47 50 12 9 62 75 24 89 90 83 83 6 43 47 22 
80 93 18 39 38 41 75 0 52 74 43 14 19 24 46 96 53 34 55 15 58 62 41 73 66 23 3 87 2 73 52 72 88 78 63 49 1 43 40 4 58 44 54 44 75 99 98 76 60 67 75 92 6 27 68 32 12 4 55 2 14 60 57 82 9 39 5 71 77 74 6 80 85 60 32 91 8 67 33 47 76 83 45 65 38 48 74 91 85 16 66 53 70 67 90 29 20 18 6 80 11 30 18 82 47 8 18 87 62 65 8 30 56 29 44 99 56 6 51 93 64 53 35 99 84 78 38 90 55 5 44 12 30 77 90 33 51 52 43 24 
65 99 40 64 79 8 47 52 0 90 44 89 96 29 65 87 59 89 52 23 11 32 10 7 31 68 19 13 74 75 92 66 86 54 43 7 10 37 88 60 9 54 88 19 22 68 15 21 86 10 43 67 21 17 59 78 43 36 76 29 86 35 45 93 83 9 31 65 78 19 39 12 57 53 84 77 69 26 70 32 60 63 30 67 33 72 61 94 73 28 98 94 69 39 61 98 10 68 79 64 21 36 56 29 46 93 57 52 5 80 76 32 77 53 39 84 81 75 71 27 58 31 65 39 19 96 42 96 58 49 43 53 23 65 71 62 61 97 28 1 
17 11 36 47 34 8 28 74 90 0 27 51 21 27 66 78 19 61 83 60 63 39 24 69 70 62 88 67 20 37 18 22 78 27 33 9 9 21 69 83 55 86 94 75 90 24 95 91 14 12 43 11 89 25 48 69 44 92 14 7 3 68 94 5 29 36 83 78 47 79 7 92 81 21 24 64 72 7 22 65 51 91 10 93 68 86 34 72 9 52 34 62 8 60 42 28 52 41 72 46 95 10 89 47 59 22 55 1 20 20 86 28 98 22 95 19 68 36 96 30 23 57 11 43 73 32 13 83 8 88 9 62 24 35 95 4 56 69 16 25 
2 55 82 90 28 34 34 43 44 27 0 95 63 27 99 48 88 36 17 88 91 79 88 58 25 56 50 53 25 16 68 74 47 21 67 95 13 26 1 98 99 78 12 91 25 55 48 78 41 60 96 80 90 32 57 34 39 93 21 15 10 68 82 80 4 48 71 43 6 21 58 60 55 78 25 59 80 37 81 59 52 64 74 84 89 83 56 79 71 28 24 54 70 69 24 47 40 67 78 27 25 18 88 2 46 59 22 18 57 34 44 76 99 3 97 91 84 27 27 53 56 8 63 32 80 93 77 47 88 71 70 56 93 99 88 86 75 16 15 57 
77 97 29 3 52 59 73 14 89 51 95 0 88 2 85 76 77 91 19 63 46 66 53 29 88 39 21 98 52 60 95 65 15 98 53 45 17 65 31 83 11 46 89 79 60 98 43 65 6 91 77 56 43 21 89 69 19 93 50 84 16 18 62 8 65 56 3 91 5 17 78 69 31 53 85 37 99 60 32 36 33 51 52 6 34 1 10 32 36 89 61 39 12 45 44 8 63 57 97 94 53 25 44 52 11 95 50 19 11 62 40 7 8 80 13 1 4 52 16 68 82 60 67 16 62 65 20 45 88 62 22 1 64 95 85 2 85 61 77 23 
72 83 23 99 78 8 69 19 96 21 63 88 0 15 25 47 33 81 71 55 25 78 90 36 58 32 40 15 94 49 14 20 16 98 42 36 26 52 35 23 34 62 79 8 33 4 68 96 58 97 47 90 22 93 85 59 65 41 79 79 63 63 48 28 72 43 15 94 52 19 79 11 36 50 94 80 90 5 6 87 30 54 81 73 30 39 79 55 43 65 69 45 85 74 51 81 51 36 73 16 40 3 36 98 80 16 16 95 67 35 84 94 19 75 19 26 18 50 38 21 41 53 24 19 80 52 33 38 31 41 51 74 69 81 16 64 65 92 21 55 
7 87 39 29 31 35 40 24 29 27 27 2 15 0 24 7 25 1 49 81 29 89 2 74 22 1 77 33 41 82 84 31 88 54 34 83 23 4 35 50 89 71 38 34 13 38 80 66 7 80 93 4 33 86 45 30 47 68 67 29 58 85 44 95 94 21 53 32 26 64 53 60 18 23 55 14 31 24 51 22 72 4 24 13 78 8 53 31 27 9 97 85 82 74 40 57 61 26 66 96 28 19 87 2 35 3 18 86 12 94 54 60 83 12 84 4 84 1 94 86 52 92 33 87 85 82 6 12 70 10 47 75 94 33 39 43 64 24 41 64 
26 71 42 79 44 5 33 46 65 66 99 85 25 24 0 64 32 19 41 6 93 80 83 75 41 26 69 50 83 87 47 14 22 81 82 95 50 52 15 31 11 86 5 8 55 60 85 99 42 36 57 14 12 53 67 22 82 95 35 62 92 86 61 93 99 92 75 9 76 82 28 26 87 37 15 4 93 85 73 44 9 56 18 61 33 99 84 28 96 53 51 81 92 80 27 38 25 57 41 53 39 20 45 21 64 22 66 69 93 19 69 17 79 60 57 45 36 40 62 33 68 54 63 76 9 35 34 93 26 68 2 99 9 90 28 30 90 78 11 62 
51 67 75 76 47 6 98 96 87 78 48 76 47 7 64 0 17 80 75 77 98 1 31 4 82 65 39 68 31 22 27 96 11 70 34 37 10 1 56 70 11 4 40 78 38 17 26 47 8 44 1 57 15 56 56 53 79 98 54 61 1 15 61 67 96 40 72 8 17 67 62 70 51 59 80 15 78 13 12 80 96 35 7 70 86 45 71 73 13 47 83 8 30 61 83 74 47 87 85 98 48 89 74 77 88 46 37 88 40 38 7 44 59 2 84 30 49 56 46 9 35 30 1 80 20 5 72 2 9 27 41 90 33 71 97 8 39 82 30 4 
21 72 78 59 10 62 8 53 59 19 88 77 33 25 32 17 0 75 51 92 17 50 43 71 9 32 26 35 55 98 97 71 6 64 95 25 47 21 23 1 70 23 28 26 65 46 39 58 53 53 33 70 80 6 34 65 54 54 54 13 81 97 34 52 56 81 55 13 86 11 82 79 72 85 30 13 64 8 71 83 64 65 45 70 76 89 35 15 60 89 34 25 4 42 31 23 54 97 92 92 83 98 37 7 39 99 32 63 48 63 35 72 43 21 91 51 23 3 64 1 93 6 73 53 10 95 98 12 99 41 92 77 88 62 3 23 83 94 99 48 
19 49 71 43 68 51 34 34 89 61 36 91 81 1 19 80 75 0 30 96 99 81 2 76 2 53 93 65 76 79 63 77 49 37 50 15 74 22 33 72 1 47 25 81 38 17 53 69 93 91 8 61 10 35 64 67 69 14 67 92 1 35 71 17 38 18 39 83 15 38 63 1 34 50 78 32 58 59 74 77 29 77 54 59 32 95 14 39 92 88 60 47 63 87 62 40 72 3 60 26 58 33 31 53 92 42 79 58 46 86 26 74 75 7 3 31 78 79 92 97 43 19 84 90 89 57 43 5 12 25 23 7 5 80 29 54 31 22 28 6 
85 55 26 27 4 77 63 55 52 83 17 19 71 49 41 75 51 30 0 36 73 83 49 52 95 25 77 41 86 29 41 48 24 29 85 90 38 6 24 69 21 14 57 30 29 92 55 29 64 82 61 70 84 73 80 49 53 93 93 97 58 95 40 91 79 62 58 6 77 26 80 94 38 45 61 16 93 42 64 8 3 47 76 53 67 26 38 4 26 85 65 1 53 82 47 85 18 55 36 79 61 51 47 24 66 1 33 13 91 76 26 56 70 6 15 88 3 92 65 99 88 59 25 46 15 78 87 33 92 73 39 84 21 25 72 28 38 96 83 17 
12 16 49 22 68 46 15 15 23 60 88 63 55 81 6 77 92 96 36 0 55 97 53 74 6 67 81 95 51 3 90 33 8 90 86 37 67 74 12 36 43 40 53 94 85 21 74 8 53 70 58 63 90 84 17 29 46 83 82 69 68 62 84 70 39 75 64 73 13 35 25 84 35 23 90 41 88 76 78 39 76 22 16 56 69 83 69 12 37 58 28 80 2 13 2 9 90 64 91 16 86 81 85 28 94 8 15 76 13 62 21 38 63 67 34 58 75 73 6 1 3 5 65 58 36 31 5 76 81 15 3 53 55 16 97 89 1 60 63 2 
29 6 51 59 55 97 78 58 11 63 91 46 25 29 93 98 17 99 73 55 0 92 68 82 42 84 45 98 7 88 57 50 48 73 60 94 83 81 99 93 39 11 88 66 96 89 60 74 96 92 35 51 52 83 83 52 92 25 56 69 66 38 58 98 88 45 58 42 33 28 56 64 81 92 77 57 27 63 54 93 23 39 21 59 44 20 46 76 38 85 35 88 59 2 41 86 38 59 8 25 25 84 42 95 28 33 15 26 14 79 37 25 4 57 94 32 29 77 3 61 60 73 41 16 38 8 83 39 48 61 61 49 83 9 86 69 40 64 55 14 
30 18 63 17 98 22 44 62 32 39 79 66 78 89 80 1 50 81 83 97 92 0 62 41 74 75 69 25 26 34 19 79 47 79 8 78 9 39 50 15 18 46 58 78 88 27 32 59 24 38 43 94 90 82 97 27 47 19 25 40 76 40 7 69 40 47 22 68 74 25 72 33 13 87 66 8 3 97 21 4 86 95 36 18 18 56 44 53 96 26 90 30 52 68 48 21 72 80 9 24 61 57 10 47 61 66 63 22 14 23 28 26 18 33 94 15 86 53 26 61 84 69 90 25 58 64 13 19 27 78 26 1 23 15 75 40 76 20 10 72 
15 43 45 93 64 93 62 41 10 24 88 53 90 2 83 31 43 2 49 53 68 62 0 54 67 28 89 3 72 86 20 15 14 98 83 23 62 82 12 29 45 3 4 11 32 92 97 30 56 30 34 42 66 50 26 86 49 54 49 1 39 8 22 6 16 78 81 64 98 31 33 73 45 41 68 25 79 68 51 49 36 53 32 2 65 32 19 67 16 44 40 21 2 1 46 83 30 27 8 53 4 22 84 80 63 70 68 9 73 44 96 90 77 73 59 69 59 82 64 93 53 38 48 52 24 71 1 24 23 88 60 9 3 19 4 15 80 68 35 82 
51 21 55 38 81 72 86 73 7 69 58 29 36 74 75 4 71 76 52 74 82 41 54 0 65 45 43 35 79 45 61 68 43 23 42 69 42 40 81 43 68 99 14 26 39 76 6 93 23 40 74 15 48 72 2 34 71 61 20 16 98 99 54 70 21 36 39 50 82 59 13 76 54 25 96 23 34 25 31 88 1 88 36 46 64 9 42 15 63 11 30 31 38 98 40 11 68 55 78 46 74 69 24 82 65 82 82 33 94 15 31 39 97 88 1 38 67 43 62 19 1 46 83 95 72 71 97 54 1 43 41 40 25 41 93 73 32 5 30 36 
69 49 1 12 29 93 37 66 31 70 25 88 58 22 41 82 9 2 95 6 42 74 67 65 0 36 49 31 48 1 80 8 53 10 25 52 86 92 76 15 82 62 41 13 28 45 1 55 65 17 91 18 60 91 96 38 73 84 82 40 44 71 91 24 31 74 64 91 49 45 95 17 60 91 45 86 49 18 52 49 7 77 67 87 36 45 79 99 1 39 19 82 37 49 4 52 49 4 89 58 17 88 64 87 22 34 95 32 69 39 72 70 54 13 97 47 41 18 94 79 62 36 59 32 31 49 31 97 97 21 7 75 36 37 74 39 72 57 72 68 
88 23 87 23 38 26 13 23 68 62 56 39 32 1 26 65 32 53 25 67 84 75 28 45 36 0 50 62 83 99 84 86 88 48 1 66 22 22 40 77 61 3 41 78 44 84 60 67 79 86 51 23 38 14 16 85 47 39 90 55 28 30 49 16 74 30 52 50 89 65 14 53 95 60 35 4 65 81 93 58 1 10 91 39 18 14 43 53 10 39 26 58 82 52 70 54 90 70 30 91 63 77 21 56 89 96 2 63 55 11 32 70 96 48 49 11 41 26 73 88 23 50 56 89 4 29 25 21 66 88 10 12 22 59 88 95 65 79 88 72 
88 14 17 7 65 98 54 3 19 88 50 21 40 77 69 39 26 93 77 81 45 69 89 43 49 50 0 87 83 1 43 35 67 58 93 7 71 3 13 91 5 1 35 77 9 24 62 28 16 12 86 54 91 48 61 89 30 84 51 70 39 84 75 96 48 6 60 12 36 52 85 74 13 36 17 10 85 59 49 22 48 72 57 52 68 4 93 51 54 88 80 93 40 81 83 83 3 31 86 48 66 42 57 42 80 45 95 80 87 34 55 16 28 38 6 65 35 43 88 45 91 43 45 53 89 58 81 3 65 74 96 50 32 32 42 40 15 3 48 36 
95 98 20 97 38 2 27 87 13 67 53 98 15 33 50 68 35 65 41 95 98 25 3 35 31 62 87 0 51 33 33 42 43 96 17 84 29 32 92 12 39 88 17 57 10 65 84 27 3 39 86 31 87 54 32 31 37 16 22 93 48 74 45 5 67 44 19 60 91 30 78 10 24 91 9 92 15 88 48 73 38 42 90 31 40 6 34 75 20 94 38 90 16 13 98 65 1 70 51 48 19 69 68 67 75 70 56 66 82 51 49 5 51 57 79 39 11 95 25 40 59 56 1 39 94 86 96 71 74 56 16 97 50 56 7 33 30 94 79 20 
97 54 10 15 94 14 83 2 74 20 25 52 94 41 83 31 55 76 86 51 7 26 72 79 48 83 83 51 0 29 79 42 93 25 90 11 70 16 47 30 45 20 84 75 80 45 99 13 87 78 50 32 54 88 93 79 3 70 97 23 43 3 21 57 40 38 27 22 4 63 29 10 55 2 29 7 45 68 33 30 70 13 91 16 75 93 17 24 16 12 5 72 95 25 81 38 64 61 82 50 79 12 1 48 24 82 91 13 57 82 29 36 81 9 17 7 22 35 48 46 43 26 36 76 27 54 88 75 67 78 61 53 50 37 61 96 48 70 35 62 
87 85 93 88 19 39 13 73 75 37 16 60 49 82 87 22 98 79 29 3 88 34 86 45 1 99 1 33 29 0 33 48 19 92 92 74 82 13 42 58 71 3 35 81 67 88 72 15 27 40 91 59 46 83 85 53 14 10 26 48 65 89 40 86 22 46 45 89 84 69 68 71 36 35 25 62 88 74 21 77 73 59 56 16 83 42 64 28 97 83 90 72 74 97 61 90 80 89 23 35 56 8 38 99 1 76 74 64 58 65 40 15 23 27 16 82 77 93 27 50 89 33 26 99 53 61 78 6 47 65 11 98 2 57 73 92 57 22 87 38 
14 11 52 76 79 86 26 52 92 18 68 95 14 84 47 27 97 63 41 90 57 19 20 61 80 84 43 33 79 33 0 73 75 93 15 15 50 89 46 87 31 84 78 72 59 63 43 19 59 76 13 29 46 50 95 23 77 57 90 39 87 12 20 89 51 75 92 91 41 60 3 9 76 72 30 96 11 73 64 14 36 62 28 6 49 37 83 68 7 39 19 72 54 16 53 47 98 75 54 4 25 44 26 27 2 7 19 35 32 97 81 99 44 52 37 83 9 3 20 63 95 76 26 36 80 63 77 77 75 71 48 79 32 34 44 10 57 87 47 38 
10 97 11 36 71 28 2 72 66 22 74 65 20 31 14 96 71 77 48 33 50 79 15 68 8 86 35 42 42 48 73 0 37 11 51 78 20 46 35 36 8 72 2 4 47 62 7 4 9 37 85 49 82 15 16 49 44 44 58 86 68 47 51 3 1 82 59 19 46 66 28 97 84 59 21 97 44 85 12 99 91 47 38 89 41 7 45 31 59 34 66 22 90 58 1 78 68 16 71 4 48 43 2 82 48 17 69 22 62 30 45 97 67 35 89 87 78 98 39 11 22 17 79 8 54 54 68 78 13 87 86 29 14 62 7 58 46 62 52 94 
8 56 69 64 93 39 42 88 86 78 47 15 16 88 22 11 6 49 24 8 48 47 14 43 53 88 67 43 93 19 75 37 0 7 58 41 8 5 93 8 19 52 73 3 83 47 19 87 30 36 12 53 77 38 79 70 25 70 30 78 25 43 11 66 86 54 21 14 27 7 32 84 50 66 55 1 51 82 38 77 71 21 55 16 46 30 71 15 14 77 82 48 44 76 63 26 26 73 43 62 45 45 54 33 29 6 21 62 8 52 98 51 84 22 10 78 12 68 36 38 42 10 16 94 86 77 30 53 26 87 38 16 23 92 37 46 67 4 59 96 
64 62 24 33 53 85 56 78 54 27 21 98 98 54 81 70 64 37 29 90 73 79 98 23 10 48 58 96 25 92 93 11 7 0 73 73 90 17 86 75 33 63 7 74 38 3 46 14 42 34 4 5 31 66 70 89 75 37 66 57 78 71 17 43 98 58 94 6 90 88 30 96 70 87 42 82 52 47 59 40 84 16 76 94 94 53 57 26 80 37 5 83 95 12 43 23 85 29 57 33 59 87 69 67 23 3 74 2 34 81 8 64 70 6 43 16 36 47 82 24 21 5 24 26 47 32 26 19 12 54 46 7 21 6 68 12 45 45 27 86 
62 57 15 92 11 34 56 63 43 33 67 53 42 34 82 34 95 50 85 86 60 8 83 42 25 1 93 17 90 92 15 51 58 73 0 57 81 54 38 47 12 65 57 84 23 57 77 75 72 37 51 32 24 29 1 40 62 33 67 59 47 80 38 54 91 89 34 35 26 79 20 84 53 76 85 64 97 80 99 42 39 40 7 9 1 88 43 19 45 44 94 6 3 63 37 95 60 84 20 24 31 18 99 40 56 24 17 10 92 31 49 50 38 52 22 1 32 94 19 40 45 50 45 24 37 82 90 70 75 86 69 62 44 47 54 75 13 36 18 12 
23 90 64 50 33 2 65 49 7 9 95 45 36 83 95 37 25 15 90 37 94 78 23 69 52 66 7 84 11 74 15 78 41 73 57 0 5 88 27 66 17 76 26 64 25 17 80 85 57 20 34 66 30 39 84 54 70 92 65 20 55 76 70 71 94 23 82 29 98 74 58 51 21 30 33 44 92 48 47 58 80 2 13 40 20 56 60 58 67 89 58 54 56 3 34 45 54 38 63 74 61 70 73 87 83 13 49 9 84 65 27 53 18 28 43 49 54 93 15 85 46 29 16 34 90 71 15 91 80 66 14 27 52 24 94 11 73 52 30 20 
58 22 22 1 47 32 16 1 10 9 13 17 26 23 50 10 47 74 38 67 83 9 62 42 86 22 71 29 70 82 50 20 8 90 81 5 0 3 37 23 57 99 95 59 22 35 40 55 29 12 60 3 4 87 11 28 2 62 71 13 31 68 80 62 58 8 43 4 54 90 13 75 76 60 35 70 51 98 93 22 86 76 44 4 85 7 2 66 97 19 54 8 71 47 26 35 56 72 64 95 12 13 50 80 68 55 70 82 42 32 83 34 74 10 89 75 96 2 20 12 73 42 24 36 59 30 15 2 50 95 40 28 58 20 33 12 52 88 86 65 
2 97 47 23 64 39 93 43 37 21 26 65 52 4 52 1 21 22 6 74 81 39 82 40 92 22 3 32 16 13 89 46 5 17 54 88 3 0 77 61 9 40 85 98 19 4 47 41 32 96 43 63 24 17 89 32 98 76 84 7 19 46 65 54 86 44 51 43 14 8 1 6 14 9 39 67 60 98 67 6 26 89 7 16 75 60 20 51 23 3 76 76 51 42 9 48 84 28 10 71 19 79 70 62 84 36 36 57 54 23 14 49 22 8 7 78 29 44 85 71 98 29 74 90 7 54 14 73 55 90 51 49 39 58 35 69 66 52 25 86 
1 84 4 98 94 29 41 40 88 69 1 31 35 35 15 56 23 33 24 12 99 50 12 81 76 40 13 92 47 42 46 35 93 86 38 27 37 77 0 48 39 85 39 32 79 79 9 37 96 73 38 78 35 40 20 68 32 71 65 56 60 57 27 90 78 31 53 89 32 84 44 1 52 11 73 40 77 14 70 70 50 12 13 60 14 90 32 20 26 65 87 67 19 87 92 99 99 37 49 15 41 46 79 64 1 55 21 85 24 56 60 41 38 3 35 70 44 91 41 84 61 46 19 69 27 61 46 59 24 2 41 14 78 63 52 95 48 62 58 65 
61 26 57 71 19 76 61 4 60 83 98 83 23 50 31 70 1 72 69 36 93 15 29 43 15 77 91 12 30 58 87 36 8 75 47 66 23 61 48 0 98 24 2 3 68 84 5 9 78 15 14 99 7 96 69 98 87 29 74 35 84 59 49 10 15 32 25 25 23 75 26 20 97 75 62 86 8 54 89 62 76 69 18 44 29 18 53 49 92 95 60 22 87 72 93 10 11 21 84 16 47 39 20 61 7 24 32 92 1 84 72 10 68 66 3 66 48 87 26 20 5 53 71 5 23 63 60 41 70 71 24 77 32 59 28 73 31 19 57 45 
82 15 89 37 37 32 71 58 9 55 99 11 34 89 11 11 70 1 21 43 39 18 45 68 82 61 5 39 45 71 31 8 19 33 12 17 57 9 39 98 0 37 60 89 57 84 57 2 49 9 55 24 94 54 71 24 43 69 62 31 73 27 36 89 95 22 61 33 91 87 19 10 30 75 31 59 40 95 26 74 74 54 76 78 61 27 7 85 68 78 34 92 52 37 34 84 41 14 65 52 74 7 57 22 60 31 46 69 58 20 83 32 71 61 76 34 18 79 97 1 83 42 68 86 63 35 25 98 73 13 51 64 65 34 60 36 20 7 24 97 
9 14 81 19 30 52 50 44 54 86 78 46 62 71 86 4 23 47 14 40 11 46 3 99 62 3 1 88 20 3 84 72 52 63 65 76 99 40 85 24 37 0 61 19 97 63 10 24 41 77 98 7 80 35 81 7 33 13 71 96 52 46 18 88 87 85 7 58 58 84 73 7 88 19 31 7 88 14 54 62 41 39 17 48 39 98 1 66 49 70 32 66 1 76 77 20 85 83 64 39 55 87 13 22 19 46 60 61 13 29 12 14 61 83 60 88 84 3 34 92 10 3 77 44 82 18 89 54 51 76 7 37 95 17 77 99 63 23 71 70 
89 85 47 28 40 67 51 54 88 94 12 89 79 38 5 40 28 25 57 53 88 58 4 14 41 41 35 17 84 35 78 2 73 7 57 26 95 85 39 2 60 61 0 83 16 96 19 22 10 3 79 79 7 97 60 37 26 6 62 9 7 21 57 14 94 4 79 6 82 91 40 99 8 33 11 69 45 99 82 80 98 20 50 67 62 51 26 41 25 56 3 87 6 10 95 81 26 54 72 66 56 64 8 69 87 40 58 74 78 39 32 77 60 82 28 90 40 9 4 15 99 10 76 79 82 65 74 84 16 65 53 48 27 54 17 26 8 25 5 10 
14 44 55 29 29 68 33 44 19 75 91 79 8 34 8 78 26 81 30 94 66 78 11 26 13 78 77 57 75 81 72 4 3 74 84 64 59 98 32 3 89 19 83 0 26 37 90 81 53 70 55 26 42 19 12 81 4 2 18 51 91 19 46 45 49 21 92 17 36 30 8 29 7 30 98 97 95 3 89 91 61 70 1 87 15 69 74 16 87 90 45 68 16 51 35 53 15 71 31 29 93 73 35 60 15 81 13 87 64 86 79 3 10 76 31 33 20 68 77 31 71 9 18 75 67 49 66 17 33 18 78 59 12 67 34 8 7 5 63 1 
48 7 80 53 55 33 91 75 22 90 25 60 33 13 55 38 65 38 29 85 96 88 32 39 28 44 9 10 80 67 59 47 83 38 23 25 22 19 79 68 57 97 16 26 0 22 21 38 51 59 82 79 7 47 13 62 50 52 28 60 15 22 88 54 14 75 35 50 71 24 54 52 13 71 11 99 5 97 12 75 38 32 44 95 38 87 1 39 26 23 45 94 47 86 14 32 47 82 67 37 53 35 32 14 48 19 26 64 87 6 24 20 31 5 8 52 99 67 65 28 96 56 1 44 44 91 63 65 5 7 25 24 28 31 69 26 94 51 68 3 
73 78 72 95 30 75 21 99 68 24 55 98 4 38 60 17 46 17 92 21 89 27 92 76 45 84 24 65 45 88 63 62 47 3 57 17 35 4 79 84 84 63 96 37 22 0 99 86 57 19 13 25 38 70 65 59 1 65 14 22 38 99 15 18 91 90 23 21 51 73 49 11 24 97 66 13 21 86 22 47 32 27 35 59 91 83 70 15 80 84 79 63 26 68 18 20 55 38 1 81 62 62 4 17 54 78 25 65 20 72 63 54 5 5 72 84 70 80 61 98 54 33 88 7 3 41 6 22 4 12 80 68 7 76 47 17 64 5 20 41 
31 57 15 51 56 33 53 98 15 95 48 43 68 80 85 26 39 53 55 74 60 32 97 6 1 60 62 84 99 72 43 7 19 46 77 80 40 47 9 5 57 10 19 90 21 99 0 38 63 59 6 80 87 75 45 11 7 33 41 9 67 96 73 58 25 95 34 48 95 53 92 12 37 7 61 30 50 56 7 41 64 8 76 27 56 32 83 96 55 78 77 7 96 91 79 58 14 84 24 21 66 91 85 55 67 84 88 38 17 8 81 69 16 16 83 21 48 21 59 10 97 56 60 89 8 26 10 11 37 40 21 83 76 29 99 41 86 84 6 11 
72 60 78 47 91 98 39 76 21 91 78 65 96 66 99 47 58 69 29 8 74 59 30 93 55 67 28 27 13 15 19 4 87 14 75 85 55 41 37 9 2 24 22 81 38 86 38 0 49 61 68 60 34 22 77 84 7 22 15 42 66 79 69 39 92 54 81 95 13 90 78 61 58 52 15 68 49 55 10 23 34 99 57 81 15 32 20 43 32 74 28 62 15 54 41 91 44 12 74 73 32 52 59 16 49 4 26 65 29 69 60 60 84 78 5 70 67 74 44 88 84 74 79 63 5 73 41 98 13 19 55 36 20 32 10 71 30 33 86 95 
4 16 16 8 28 6 66 60 86 14 41 6 58 7 42 8 53 93 64 53 96 24 56 23 65 79 16 3 87 27 59 9 30 42 72 57 29 32 96 78 49 41 10 53 51 57 63 49 0 87 85 84 12 85 97 96 83 29 90 37 18 96 22 11 80 62 40 89 91 72 84 46 13 20 45 20 85 64 42 64 31 52 12 54 32 75 92 69 11 21 88 73 78 1 39 89 48 6 47 75 72 94 58 18 47 38 88 88 74 4 51 64 64 61 53 49 52 7 64 94 2 25 23 89 49 35 23 40 19 64 75 89 18 8 28 87 79 3 51 17 
71 25 26 86 61 1 81 67 10 12 60 91 97 80 36 44 53 91 82 70 92 38 30 40 17 86 12 39 78 40 76 37 36 34 37 20 12 96 73 15 9 77 3 70 59 19 59 61 87 0 44 80 12 78 14 95 39 1 72 27 93 77 95 89 55 17 63 74 57 54 40 19 65 79 69 59 51 54 44 48 51 48 88 95 55 75 66 4 45 12 53 57 41 15 39 98 14 47 62 6 62 15 78 66 93 48 77 14 6 23 42 7 16 31 47 93 33 19 30 72 4 1 51 70 41 36 52 16 50 9 68 66 35 35 86 39 3 46 59 18 
22 10 54 17 13 38 58 75 43 43 96 77 47 93 57 1 33 8 61 58 35 43 34 74 91 51 86 86 50 91 13 85 12 4 51 34 60 43 38 14 55 98 79 55 82 13 6 68 85 44 0 34 93 9 45 6 10 42 51 74 78 63 8 33 80 67 42 78 77 49 92 14 76 2 33 28 10 37 8 55 12 90 37 81 59 77 64 24 33 66 80 76 74 63 18 87 66 6 77 60 45 93 30 57 57 68 54 18 13 53 83 94 20 61 58 34 62 89 74 80 33 61 71 19 35 74 39 72 23 16 55 28 24 27 12 61 31 62 98 74 
50 67 85 30 18 73 53 92 67 11 80 56 90 4 14 57 70 61 70 63 51 94 42 15 18 23 54 31 32 59 29 49 53 5 32 66 3 63 78 99 24 7 79 26 79 25 80 60 84 80 34 0 45 81 24 65 72 18 65 13 85 39 77 38 38 84 44 88 78 14 44 91 28 47 69 5 99 32 59 90 42 64 97 83 55 88 40 72 37 40 71 17 11 26 48 12 79 64 44 94 42 24 34 89 47 26 46 31 95 87 26 97 38 7 23 30 84 32 88 98 54 16 84 87 16 79 36 7 2 9 83 12 79 81 93 40 7 27 74 77 
58 72 59 12 72 44 90 6 21 89 90 43 22 33 12 15 80 10 84 90 52 90 66 48 60 38 91 87 54 46 46 82 77 31 24 30 4 24 35 7 94 80 7 42 7 38 87 34 12 12 93 45 0 65 35 27 83 39 92 9 19 25 6 56 46 3 25 48 58 40 80 38 52 10 38 9 70 16 57 67 38 23 76 19 7 78 72 35 41 53 25 50 7 33 67 13 59 87 33 49 46 56 33 27 16 60 57 31 67 28 94 21 49 39 23 65 62 85 88 68 70 67 8 16 26 95 63 28 94 19 91 85 74 80 37 1 13 24 98 10 
4 54 86 62 92 25 20 27 17 25 32 21 93 86 53 56 6 35 73 84 83 82 50 72 91 14 48 54 88 83 50 15 38 66 29 39 87 17 40 96 54 35 97 19 47 70 75 22 85 78 9 81 65 0 47 87 76 75 6 70 43 4 34 77 21 58 2 67 80 78 62 78 79 86 51 86 17 2 22 58 23 17 68 38 61 79 81 91 1 38 77 81 82 8 61 93 24 13 51 16 64 9 3 43 18 16 51 26 64 52 55 28 45 59 80 5 12 37 22 93 10 91 22 13 46 98 29 40 3 48 71 51 19 92 93 37 83 74 57 66 
69 70 30 15 8 17 95 68 59 48 57 89 85 45 67 56 34 64 80 17 83 97 26 2 96 16 61 32 93 85 95 16 79 70 1 84 11 89 20 69 71 81 60 12 13 65 45 77 97 14 45 24 35 47 0 5 48 39 80 76 19 50 64 71 55 43 70 42 21 17 1 40 68 36 22 87 52 91 65 4 9 60 2 10 62 25 38 96 71 52 83 84 74 6 58 19 46 63 87 79 87 67 51 22 94 73 71 77 81 37 69 37 77 45 48 45 52 21 3 47 77 37 46 15 25 85 72 31 94 96 12 51 73 69 95 80 63 49 83 36 
25 37 45 31 84 97 65 32 78 69 34 69 59 30 22 53 65 67 49 29 52 27 86 34 38 85 89 31 79 53 23 49 70 89 40 54 28 32 68 98 24 7 37 81 62 59 11 84 96 95 6 65 27 87 5 0 13 82 32 71 3 71 86 26 25 53 37 2 90 52 96 63 42 68 67 43 55 53 72 31 29 24 10 9 46 94 46 70 21 92 8 18 64 40 62 57 50 43 44 96 86 90 59 98 22 27 23 91 52 59 98 71 28 4 32 11 54 44 25 23 88 16 76 68 24 55 59 67 16 92 27 25 6 27 45 94 81 82 68 58 
44 22 38 9 57 97 43 12 43 44 39 19 65 47 82 79 54 69 53 46 92 47 49 71 73 47 30 37 3 14 77 44 25 75 62 70 2 98 32 87 43 33 26 4 50 1 7 7 83 39 10 72 83 76 48 13 0 66 1 12 34 19 61 6 6 72 15 81 26 55 19 85 45 59 71 96 49 11 91 47 73 33 29 76 4 53 34 82 56 91 20 64 12 4 40 31 23 78 63 65 57 72 36 53 47 9 81 61 4 23 32 96 96 56 11 79 56 19 95 88 78 16 90 55 63 75 51 78 56 67 37 63 37 14 66 53 27 73 90 93 
77 41 23 41 52 42 48 4 36 92 93 93 41 68 95 98 54 14 93 83 25 19 54 61 84 39 84 16 70 10 57 44 70 37 33 92 62 76 71 29 69 13 6 2 52 65 33 22 29 1 42 18 39 75 39 82 66 0 92 48 99 13 54 43 17 49 21 8 85 24 77 38 16 5 16 9 49 37 67 78 19 45 39 12 30 97 74 6 94 31 45 2 39 5 33 86 71 61 4 13 68 12 14 29 4 98 71 29 75 90 16 42 14 2 52 77 84 72 56 10 81 8 28 45 6 47 79 96 70 51 65 88 61 33 88 28 45 45 44 25 
27 78 92 49 33 25 22 55 76 14 21 50 79 67 35 54 54 67 93 82 56 25 49 20 82 90 51 22 97 26 90 58 30 66 67 65 71 84 65 74 62 71 62 18 28 14 41 15 90 72 51 65 92 6 80 32 1 92 0 19 76 80 1 55 47 95 2 20 71 71 35 63 10 5 63 49 47 49 91 81 11 71 26 20 9 65 3 73 65 94 20 74 67 32 66 65 69 46 92 94 23 98 55 62 48 25 24 27 34 84 95 41 19 15 39 64 7 72 53 15 44 80 84 41 22 61 97 23 49 86 72 96 38 85 67 57 51 66 89 21 
53 92 55 31 77 22 98 2 29 7 15 84 79 29 62 61 13 92 97 69 69 40 1 16 40 55 70 93 23 48 39 86 78 57 59 20 13 7 56 35 31 96 9 51 60 22 9 42 37 27 74 13 9 70 76 71 12 48 19 0 1 76 15 94 27 72 91 75 27 6 99 76 68 16 78 25 27 57 79 2 22 79 1 91 61 75 53 88 44 64 29 59 92 13 95 14 9 70 27 64 4 5 35 60 8 76 41 20 69 28 88 6 1 83 45 54 55 89 68 30 22 37 40 54 64 17 96 72 77 63 73 22 74 19 83 55 75 74 4 31 
81 50 77 24 63 28 2 14 86 3 10 16 63 58 92 1 81 1 58 68 66 76 39 98 44 28 39 48 43 65 87 68 25 78 47 55 31 19 60 84 73 52 7 91 15 38 67 66 18 93 78 85 19 43 19 3 34 99 76 1 0 79 70 99 97 17 33 49 18 24 76 94 92 65 89 64 71 60 96 28 55 36 30 29 33 54 98 78 81 77 84 4 89 70 58 89 81 48 19 35 70 77 85 33 27 1 75 20 45 29 4 53 93 58 9 62 11 20 28 99 7 36 54 9 22 87 31 96 69 13 52 23 21 94 33 91 96 2 38 25 
42 48 13 67 52 47 90 60 35 68 68 18 63 85 86 15 97 35 95 62 38 40 8 99 71 30 84 74 3 89 12 47 43 71 80 76 68 46 57 59 27 46 21 19 22 99 96 79 96 77 63 39 25 4 50 71 19 13 80 76 79 0 83 1 7 68 82 5 13 15 59 5 85 94 50 22 41 82 18 67 54 47 33 9 33 75 32 60 50 12 12 55 9 10 73 90 96 73 48 74 77 12 70 58 95 45 4 22 65 32 44 37 87 60 16 40 69 2 15 83 78 69 32 57 38 30 48 70 6 35 28 64 63 12 59 9 54 37 75 13 
83 78 60 93 97 36 39 57 45 94 82 62 48 44 61 61 34 71 40 84 58 7 22 54 91 49 75 45 21 40 20 51 11 17 38 70 80 65 27 49 36 18 57 46 88 15 73 69 22 95 8 77 6 34 64 86 61 54 1 15 70 83 0 27 77 3 86 71 21 48 47 1 53 98 6 17 45 30 49 51 87 18 97 58 33 79 2 22 95 1 77 22 85 92 80 53 57 67 92 89 79 96 57 10 12 85 60 14 49 33 46 20 84 34 84 47 55 73 66 72 57 34 54 60 74 69 50 36 69 72 52 97 7 85 5 24 22 36 60 40 
16 41 27 65 31 63 13 82 93 5 80 8 28 95 93 67 52 17 91 70 98 69 6 70 24 16 96 5 57 86 89 3 66 43 54 71 62 54 90 10 89 88 14 45 54 18 58 39 11 89 33 38 56 77 71 26 6 43 55 94 99 1 27 0 67 61 34 9 4 69 7 8 68 30 95 78 98 37 75 30 91 56 50 82 46 11 16 71 24 37 25 70 26 73 99 77 79 45 97 12 11 84 94 53 31 31 63 22 23 43 57 96 93 38 44 86 96 73 95 2 17 27 2 98 53 60 54 80 56 76 96 85 29 55 14 8 16 84 35 52 
65 79 77 13 23 69 19 9 83 29 4 65 72 94 99 96 56 38 79 39 88 40 16 21 31 74 48 67 40 22 51 1 86 98 91 94 58 86 78 15 95 87 94 49 14 91 25 92 80 55 80 38 46 21 55 25 6 17 47 27 97 7 77 67 0 44 91 76 79 52 58 30 69 61 50 81 3 4 79 88 73 26 40 10 44 57 65 10 2 82 16 87 84 80 64 93 6 82 65 28 19 16 12 71 92 52 6 69 21 53 60 37 3 69 27 22 45 43 43 49 54 5 17 50 21 20 34 65 85 46 35 36 89 25 61 13 82 37 39 16 
69 46 72 18 6 63 78 39 9 36 48 56 43 21 92 40 81 18 62 75 45 47 78 36 74 30 6 44 38 46 75 82 54 58 89 23 8 44 31 32 22 85 4 21 75 90 95 54 62 17 67 84 3 58 43 53 72 49 95 72 17 68 3 61 44 0 86 90 84 43 90 67 97 75 40 95 1 11 33 2 88 27 36 40 31 7 66 80 55 59 45 82 17 92 62 77 84 85 3 87 35 77 86 44 23 72 22 80 98 48 60 72 64 36 30 54 35 14 70 48 91 6 55 98 33 13 28 92 99 70 18 31 34 58 14 3 74 35 52 16 
26 88 88 34 92 33 78 5 31 83 71 3 15 53 75 72 55 39 58 64 58 22 81 39 64 52 60 19 27 45 92 59 21 94 34 82 43 51 53 25 61 7 79 92 35 23 34 81 40 63 42 44 25 2 70 37 15 21 2 91 33 82 86 34 91 86 0 8 72 77 13 22 67 10 37 60 72 46 34 92 78 34 74 98 85 39 71 86 37 95 13 43 69 26 89 95 41 82 87 58 57 82 54 3 13 6 29 22 47 90 94 23 98 51 98 15 82 69 82 22 4 90 73 51 52 20 53 20 60 24 59 77 36 73 71 31 81 90 52 63 
99 17 40 11 96 46 89 71 65 78 43 91 94 32 9 8 13 83 6 73 42 68 64 50 91 50 12 60 22 89 91 19 14 6 35 29 4 43 89 25 33 58 6 17 50 21 48 95 89 74 78 88 48 67 42 2 81 8 20 75 49 5 71 9 76 90 8 0 50 44 13 97 51 33 35 55 84 91 46 46 9 53 79 90 22 64 32 6 72 8 39 9 60 94 72 94 98 83 2 67 43 99 47 60 59 58 16 83 44 11 61 59 51 67 65 34 68 53 59 48 91 24 15 8 32 63 78 4 19 9 45 94 90 68 26 88 21 1 38 72 
88 29 44 29 23 89 91 77 78 47 6 5 52 26 76 17 86 15 77 13 33 74 98 82 49 89 36 91 4 84 41 46 27 90 26 98 54 14 32 23 91 58 82 36 71 51 95 13 91 57 77 78 58 80 21 90 26 85 71 27 18 13 21 4 79 84 72 50 0 87 74 26 33 91 32 99 64 10 33 67 69 77 65 35 2 25 65 17 5 87 78 24 72 81 22 94 61 48 99 19 83 15 28 62 27 69 80 85 76 60 9 3 81 25 63 33 61 96 45 21 86 92 90 8 19 49 77 37 63 55 31 3 4 7 66 77 11 36 67 66 
8 46 77 76 77 43 84 74 19 79 21 17 19 64 82 67 11 38 26 35 28 25 31 59 45 65 52 30 63 69 60 66 7 88 79 74 90 8 84 75 87 84 91 30 24 73 53 90 72 54 49 14 40 78 17 52 55 24 71 6 24 15 48 69 52 43 77 44 87 0 76 32 56 20 85 71 45 67 56 86 96 60 63 77 81 96 13 81 19 19 9 60 47 72 98 75 65 78 79 47 2 36 83 66 7 49 64 12 87 82 59 95 28 31 18 59 44 72 47 36 7 19 45 41 82 48 41 75 73 58 59 85 4 30 58 45 26 61 9 49 
27 68 39 6 23 58 40 6 39 7 58 78 79 53 28 62 82 63 80 25 56 72 33 13 95 14 85 78 29 68 3 28 32 30 20 58 13 1 44 26 19 73 40 8 54 49 92 78 84 40 92 44 80 62 1 96 19 77 35 99 76 59 47 7 58 90 13 13 74 76 0 26 29 46 75 54 24 19 97 81 19 95 24 92 37 16 15 66 78 31 54 61 68 85 96 85 86 64 69 69 22 27 44 38 5 34 41 45 95 32 57 57 99 85 15 28 19 77 13 25 55 49 48 44 62 8 20 47 20 80 59 95 61 54 14 31 29 3 76 93 
26 67 92 82 19 26 99 80 12 92 60 69 11 60 26 70 79 1 94 84 64 33 73 76 17 53 74 10 10 71 9 97 84 96 84 51 75 6 1 20 10 7 99 29 52 11 12 61 46 19 14 91 38 78 40 63 85 38 63 76 94 5 1 8 30 67 22 97 26 32 26 0 44 30 91 80 48 35 29 10 53 25 73 89 88 1 24 17 15 90 44 7 76 37 42 22 2 85 35 88 86 72 15 83 4 10 45 26 49 88 70 94 78 35 76 40 28 14 46 90 19 2 38 69 21 31 84 97 89 12 42 76 73 6 87 44 38 98 76 40 
23 79 70 6 94 33 16 85 57 81 55 31 36 18 87 51 72 34 38 35 81 13 45 54 60 95 13 24 55 36 76 84 50 70 53 21 76 14 52 97 30 88 8 7 13 24 37 58 13 65 76 28 52 79 68 42 45 16 10 68 92 85 53 68 69 97 67 51 33 56 29 44 0 94 34 15 78 97 18 73 83 97 37 63 13 80 58 84 24 86 32 20 96 52 69 16 39 55 68 44 33 73 34 93 37 13 55 89 36 92 95 11 97 88 68 31 67 39 31 45 65 90 17 99 76 68 32 1 24 84 78 90 10 28 40 91 18 76 63 38 
10 47 99 43 30 34 38 60 53 21 78 53 50 23 37 59 85 50 45 23 92 87 41 25 91 60 36 91 2 35 72 59 66 87 76 30 60 9 11 75 75 19 33 30 71 97 7 52 20 79 2 47 10 86 36 68 59 5 5 16 65 94 98 30 61 75 10 33 91 20 46 30 94 0 61 44 42 39 17 84 85 89 19 66 10 15 56 31 8 83 4 22 74 23 13 16 91 47 37 30 72 42 41 75 73 60 58 2 21 98 18 33 2 87 82 35 47 41 22 65 89 19 18 51 17 32 20 80 96 41 31 54 66 51 85 4 29 16 74 42 
68 1 34 87 19 7 97 32 84 24 25 85 94 55 15 80 30 78 61 90 77 66 68 96 45 35 17 9 29 25 30 21 55 42 85 33 35 39 73 62 31 31 11 98 11 66 61 15 45 69 33 69 38 51 22 67 71 16 63 78 89 50 6 95 50 40 37 35 32 85 75 91 34 61 0 42 52 44 65 75 48 84 30 77 54 2 90 71 36 4 4 7 7 88 36 61 30 77 76 42 8 42 32 34 15 89 91 68 11 77 50 20 21 55 74 71 39 36 51 53 42 93 99 13 84 59 29 71 43 25 5 91 25 86 74 29 88 98 57 15 
24 30 44 53 53 66 37 91 77 64 59 37 80 14 4 15 13 32 16 41 57 8 25 23 86 4 10 92 7 62 96 97 1 82 64 44 70 67 40 86 59 7 69 97 99 13 30 68 20 59 28 5 9 86 87 43 96 9 49 25 64 22 17 78 81 95 60 55 99 71 54 80 15 44 42 0 10 20 65 73 1 93 95 38 42 30 56 50 19 16 58 60 89 86 41 89 73 97 83 33 61 42 60 62 83 38 23 48 88 14 24 74 28 3 54 9 6 81 11 71 41 66 36 73 66 52 40 68 28 52 37 69 8 27 39 9 82 11 64 16 
28 64 27 58 32 52 99 8 69 72 80 99 90 31 93 78 64 58 93 88 27 3 79 34 49 65 85 15 45 88 11 44 51 52 97 92 51 60 77 8 40 88 45 95 5 21 50 49 85 51 10 99 70 17 52 55 49 49 47 27 71 41 45 98 3 1 72 84 64 45 24 48 78 42 52 10 0 80 59 22 6 2 15 81 35 36 86 39 58 8 57 81 18 45 86 77 72 85 88 53 34 39 80 30 5 60 32 78 9 92 29 94 88 82 6 68 94 52 94 48 88 41 18 37 48 52 26 76 87 66 12 91 17 90 73 67 32 7 14 39 
38 76 57 57 50 32 2 67 26 7 37 60 5 24 85 13 8 59 42 76 63 97 68 25 18 81 59 88 68 74 73 85 82 47 80 48 98 98 14 54 95 14 99 3 97 86 56 55 64 54 37 32 16 2 91 53 11 37 49 57 60 82 30 37 4 11 46 91 10 67 19 35 97 39 44 20 80 0 86 5 30 21 93 55 61 23 30 84 30 85 61 40 50 79 67 26 66 60 94 99 80 61 50 72 55 70 43 16 37 39 43 40 52 51 11 13 57 72 75 94 99 91 1 84 26 22 69 41 2 7 15 21 34 74 67 26 48 98 2 22 
58 36 70 79 99 8 33 33 70 22 81 32 6 51 73 12 71 74 64 78 54 21 51 31 52 93 49 48 33 21 64 12 38 59 99 47 93 67 70 89 26 54 82 89 12 22 7 10 42 44 8 59 57 22 65 72 91 67 91 79 96 18 49 75 79 33 34 46 33 56 97 29 18 17 65 65 59 86 0 62 62 20 10 20 44 13 79 79 38 75 8 7 64 98 90 83 88 92 1 16 72 31 82 88 53 48 54 49 63 12 11 54 51 71 53 64 50 18 45 29 96 89 50 43 38 23 88 86 20 5 40 24 27 11 20 43 64 90 34 86 
84 54 74 88 84 14 31 47 32 65 59 36 87 22 44 80 83 77 8 39 93 4 49 88 49 58 22 73 30 77 14 99 77 40 42 58 22 6 70 62 74 62 80 91 75 47 41 23 64 48 55 90 67 58 4 31 47 78 81 2 28 67 51 30 88 2 92 46 67 86 81 10 73 84 75 73 22 5 62 0 64 57 89 26 85 54 35 60 45 22 94 90 59 60 8 71 71 50 13 4 82 3 42 43 19 36 64 60 33 94 58 28 77 89 8 6 88 43 65 78 74 46 4 70 77 97 99 27 54 78 8 31 65 71 72 23 48 65 92 97 
39 94 53 82 94 4 8 76 60 51 52 33 30 72 9 96 64 29 3 76 23 86 36 1 7 1 48 38 70 73 36 91 71 84 39 80 86 26 50 76 74 41 98 61 38 32 64 34 31 51 12 42 38 23 9 29 73 19 11 22 55 54 87 91 73 88 78 9 69 96 19 53 83 85 48 1 6 30 62 64 0 98 75 36 10 38 10 48 30 25 63 10 91 70 55 49 55 85 38 2 49 97 11 27 24 68 69 45 74 92 44 83 58 42 4 73 2 51 65 29 20 35 27 73 87 26 24 62 4 54 22 84 95 30 17 23 17 60 33 43 
9 34 90 11 46 29 51 83 63 91 64 51 54 4 56 35 65 77 47 22 39 95 53 88 77 10 72 42 13 59 62 47 21 16 40 2 76 89 12 69 54 39 20 70 32 27 8 99 52 48 90 64 23 17 60 24 33 45 71 79 36 47 18 56 26 27 34 53 77 60 95 25 97 89 84 93 2 21 20 57 98 0 30 17 44 16 18 69 5 21 77 31 95 67 72 3 97 23 26 55 29 30 19 98 36 61 78 26 69 52 42 26 55 92 99 96 80 98 48 11 63 61 99 64 71 6 88 49 73 79 56 42 98 89 30 38 1 95 1 76 
33 3 28 73 52 16 51 45 30 10 74 52 81 24 18 7 45 54 76 16 21 36 32 36 67 91 57 90 91 56 28 38 55 76 7 13 44 7 13 18 76 17 50 1 44 35 76 57 12 88 37 97 76 68 2 10 29 39 26 1 30 33 97 50 40 36 74 79 65 63 24 73 37 19 30 95 15 93 10 89 75 30 0 16 51 6 65 4 84 77 50 79 64 20 74 91 58 48 68 66 11 1 95 8 57 12 51 16 32 62 56 13 82 62 48 72 36 37 96 98 65 24 93 1 66 97 90 75 78 89 88 49 5 57 4 74 73 72 14 76 
35 85 44 49 87 30 33 65 67 93 84 6 73 13 61 70 70 59 53 56 59 18 2 46 87 39 52 31 16 16 6 89 16 94 9 40 4 16 60 44 78 48 67 87 95 59 27 81 54 95 81 83 19 38 10 9 76 12 20 91 29 9 58 82 10 40 98 90 35 77 92 89 63 66 77 38 81 55 20 26 36 17 16 0 63 43 81 32 47 71 30 18 48 38 13 62 61 33 58 33 86 23 10 44 70 98 39 5 38 74 6 34 75 18 9 16 30 53 17 36 66 21 99 39 91 13 5 63 68 54 10 26 22 35 24 21 50 99 53 98 
11 84 2 20 16 67 44 38 33 68 89 34 30 78 33 86 76 32 67 69 44 18 65 64 36 18 68 40 75 83 49 41 46 94 1 20 85 75 14 29 61 39 62 15 38 91 56 15 32 55 59 55 7 61 62 46 4 30 9 61 33 33 33 46 44 31 85 22 2 81 37 88 13 10 54 42 35 61 44 85 10 44 51 63 0 40 3 98 50 99 21 7 70 32 4 96 32 12 22 42 2 59 86 99 23 43 9 21 71 55 52 15 77 3 63 76 28 8 42 22 44 20 80 74 94 39 39 44 10 2 88 18 15 58 94 20 42 43 79 96 
24 49 83 13 72 62 42 48 72 86 83 1 39 8 99 45 89 95 26 83 20 56 32 9 45 14 4 6 93 42 37 7 30 53 88 56 7 60 90 18 27 98 51 69 87 83 32 32 75 75 77 88 78 79 25 94 53 97 65 75 54 75 79 11 57 7 39 64 25 96 16 1 80 15 2 30 36 23 13 54 38 16 6 43 40 0 42 81 23 40 88 8 29 32 4 95 77 15 68 56 69 94 52 35 42 28 18 27 65 51 54 84 22 9 10 13 17 74 26 64 12 48 20 75 26 43 44 98 81 55 83 39 20 7 5 94 58 4 91 91 
16 55 95 26 49 84 70 74 61 34 56 10 79 53 84 71 35 14 38 69 46 44 19 42 79 43 93 34 17 64 83 45 71 57 43 60 2 20 32 53 7 1 26 74 1 70 83 20 92 66 64 40 72 81 38 46 34 74 3 53 98 32 2 16 65 66 71 32 65 13 15 24 58 56 90 56 86 30 79 35 10 18 65 81 3 42 0 10 6 93 57 99 71 92 30 53 45 87 5 37 11 87 84 23 55 50 85 4 54 27 33 1 16 79 54 29 25 83 16 59 26 67 1 61 86 68 18 50 80 74 19 41 92 78 95 62 81 84 4 2 
88 33 97 78 29 97 2 91 94 72 79 32 55 31 28 73 15 39 4 12 76 53 67 15 99 53 51 75 24 28 68 31 15 26 19 58 66 51 20 49 85 66 41 16 39 15 96 43 69 4 24 72 35 91 96 70 82 6 73 88 78 60 22 71 10 80 86 6 17 81 66 17 84 31 71 50 39 84 79 60 48 69 4 32 98 81 10 0 45 38 63 63 22 25 97 60 8 58 97 79 28 32 97 46 38 59 43 29 96 21 23 40 2 1 13 28 6 55 66 26 8 6 59 99 20 68 62 30 98 90 62 50 96 52 73 12 74 43 99 79 
26 29 27 17 84 59 98 85 73 9 71 36 43 27 96 13 60 92 26 37 38 96 16 63 1 10 54 20 16 97 7 59 14 80 45 67 97 23 26 92 68 49 25 87 26 80 55 32 11 45 33 37 41 1 71 21 56 94 65 44 81 50 95 24 2 55 37 72 5 19 78 15 24 8 36 19 58 30 38 45 30 5 84 47 50 23 6 45 0 98 83 60 67 34 7 39 11 17 33 14 86 39 16 91 2 48 96 63 69 36 2 85 76 38 57 62 27 14 79 27 31 46 72 96 81 15 88 39 57 90 16 76 32 55 59 41 35 70 31 3 
72 56 85 5 28 83 52 16 28 52 28 89 65 9 53 47 89 88 85 58 85 26 44 11 39 39 88 94 12 83 39 34 77 37 44 89 19 3 65 95 78 70 56 90 23 84 78 74 21 12 66 40 53 38 52 92 91 31 94 64 77 12 1 37 82 59 95 8 87 19 31 90 86 83 4 16 8 85 75 22 25 21 77 71 99 40 93 38 98 0 14 89 17 33 17 91 60 64 30 94 74 35 29 56 72 46 50 42 41 45 96 5 58 12 55 24 46 61 7 38 72 44 8 20 44 30 62 67 65 21 36 75 2 97 78 26 49 91 88 95 
93 83 31 89 44 35 31 66 98 34 24 61 69 97 51 83 34 60 65 28 35 90 40 30 19 26 80 38 5 90 19 66 82 5 94 58 54 76 87 60 34 32 3 45 45 79 77 28 88 53 80 71 25 77 83 8 20 45 20 29 84 12 77 25 16 45 13 39 78 9 54 44 32 4 4 58 57 61 8 94 63 77 50 30 21 88 57 63 83 14 0 41 81 44 49 29 59 14 25 36 30 43 8 66 79 43 24 25 27 15 74 47 15 36 22 67 79 25 85 24 10 95 47 97 90 1 24 64 24 8 29 65 49 15 77 71 30 50 73 35 
75 32 65 28 20 31 83 53 94 62 54 39 45 85 81 8 25 47 1 80 88 30 21 31 82 58 93 90 72 72 72 22 48 83 6 54 8 76 67 22 92 66 87 68 94 63 7 62 73 57 76 17 50 81 84 18 64 2 74 59 4 55 22 70 87 82 43 9 24 60 61 7 20 22 7 60 81 40 7 90 10 31 79 18 7 8 99 63 60 89 41 0 20 97 25 94 20 91 1 79 85 58 67 29 83 6 64 71 5 30 69 38 99 45 54 50 14 27 74 71 96 44 5 12 49 11 51 94 96 2 53 59 68 97 57 58 72 93 71 1 
63 29 23 51 80 58 50 70 69 8 70 12 85 82 92 30 4 63 53 2 59 52 2 38 37 82 40 16 95 74 54 90 44 95 3 56 71 51 19 87 52 1 6 16 47 26 96 15 78 41 74 11 7 82 74 64 12 39 67 92 89 9 85 26 84 17 69 60 72 47 68 76 96 74 7 89 18 50 64 59 91 95 64 48 70 29 71 22 67 17 81 20 0 40 3 19 73 41 31 52 58 63 44 14 35 36 17 63 96 86 97 66 66 67 85 70 79 65 43 29 1 95 56 25 27 4 19 12 86 96 11 66 91 13 8 60 52 77 23 34 
47 95 99 69 71 97 82 67 39 60 69 45 74 74 80 61 42 87 82 13 2 68 1 98 49 52 81 13 25 97 16 58 76 12 63 3 47 42 87 72 37 76 10 51 86 68 91 54 1 15 63 26 33 8 6 40 4 5 32 13 70 10 92 73 80 92 26 94 81 72 85 37 52 23 88 86 45 79 98 60 70 67 20 38 32 32 92 25 34 33 44 97 40 0 19 37 47 23 33 54 44 95 31 31 16 97 33 85 41 32 35 66 35 75 16 92 9 18 76 61 72 25 90 34 65 80 48 90 34 68 53 94 54 79 68 98 58 81 54 28 
33 75 53 4 89 50 83 90 61 42 24 44 51 40 27 83 31 62 47 2 41 48 46 40 4 70 83 98 81 61 53 1 63 43 37 34 26 9 92 93 34 77 95 35 14 18 79 41 39 39 18 48 67 61 58 62 40 33 66 95 58 73 80 99 64 62 89 72 22 98 96 42 69 13 36 41 86 67 90 8 55 72 74 13 4 4 30 97 7 17 49 25 3 19 0 99 47 54 56 70 20 73 91 90 10 16 93 36 67 9 89 96 80 70 85 55 37 85 81 9 8 25 79 9 10 94 81 91 13 67 30 67 25 38 62 86 47 91 49 31 
89 9 4 59 87 47 96 29 98 28 47 8 81 57 38 74 23 40 85 9 86 21 83 11 52 54 83 65 38 90 47 78 26 23 95 45 35 48 99 10 84 20 81 53 32 20 58 91 89 98 87 12 13 93 19 57 31 86 65 14 89 90 53 77 93 77 95 94 94 75 85 22 16 16 61 89 77 26 83 71 49 3 91 62 96 95 53 60 39 91 29 94 19 37 99 0 68 20 44 2 88 81 82 32 16 89 71 4 69 49 54 35 75 24 10 10 83 9 72 42 88 47 75 70 98 98 56 60 2 9 64 80 79 48 93 62 13 36 35 17 
24 33 71 13 12 84 72 20 10 52 40 63 51 61 25 47 54 72 18 90 38 72 30 68 49 90 3 1 64 80 98 68 26 85 60 54 56 84 99 11 41 85 26 15 47 55 14 44 48 14 66 79 59 24 46 50 23 71 69 9 81 96 57 79 6 84 41 98 61 65 86 2 39 91 30 73 72 66 88 71 55 97 58 61 32 77 45 8 11 60 59 20 73 47 47 68 0 99 12 16 82 89 75 46 76 78 95 6 49 69 69 54 49 11 47 1 87 62 62 46 55 94 16 64 17 66 40 98 37 85 21 67 46 46 66 78 8 39 20 53 
56 9 13 3 66 42 22 18 68 41 67 57 36 26 57 87 97 3 55 64 59 80 27 55 4 70 31 70 61 89 75 16 73 29 84 38 72 28 37 21 14 83 54 71 82 38 84 12 6 47 6 64 87 13 63 43 78 61 46 70 48 73 67 45 82 85 82 83 48 78 64 85 55 47 77 97 85 60 92 50 85 23 48 33 12 15 87 58 17 64 14 91 41 23 54 20 99 0 60 33 29 25 39 89 73 91 94 68 79 86 2 43 54 3 12 75 61 92 90 42 11 57 14 78 19 26 3 97 1 98 87 29 91 3 2 85 94 57 7 66 
66 85 40 77 94 21 19 6 79 72 78 97 73 66 41 85 92 60 36 91 8 9 8 78 89 30 86 51 82 23 54 71 43 57 20 63 64 10 49 84 65 64 72 31 67 1 24 74 47 62 77 44 33 51 87 44 63 4 92 27 19 48 92 97 65 3 87 2 99 79 69 35 68 37 76 83 88 94 1 13 38 26 68 58 22 68 5 97 33 30 25 1 31 33 56 44 12 60 0 6 10 18 88 18 13 76 6 10 44 1 86 89 18 64 27 29 88 2 78 34 81 16 48 78 74 38 25 26 5 16 95 55 26 33 48 8 59 47 76 62 
78 78 84 97 16 41 47 80 64 46 27 94 16 96 53 98 92 26 79 16 25 24 53 46 58 91 48 48 50 35 4 4 62 33 24 74 95 71 15 16 52 39 66 29 37 81 21 73 75 6 60 94 49 16 79 96 65 13 94 64 35 74 89 12 28 87 58 67 19 47 69 88 44 30 42 33 53 99 16 4 2 55 66 33 42 56 37 79 14 94 36 79 52 54 70 2 16 33 6 0 49 68 81 5 58 55 19 98 49 27 27 25 64 33 43 31 3 80 26 11 29 15 33 7 72 96 44 36 46 93 29 28 16 10 95 32 54 71 22 67 
4 51 49 97 52 51 45 11 21 95 25 53 40 28 39 48 83 58 61 86 25 61 4 74 17 63 66 19 79 56 25 48 45 59 31 61 12 19 41 47 74 55 56 93 53 62 66 32 72 62 45 42 46 64 87 86 57 68 23 4 70 77 79 11 19 35 57 43 83 2 22 86 33 72 8 61 34 80 72 82 49 29 11 86 2 69 11 28 86 74 30 85 58 44 20 88 82 29 10 49 0 61 38 98 58 72 92 58 96 91 21 95 6 2 27 8 62 4 30 22 89 60 92 99 59 13 17 3 1 72 32 43 59 29 93 41 32 75 35 41 
1 80 62 62 99 5 92 30 36 10 18 25 3 19 20 89 98 33 51 81 84 57 22 69 88 77 42 69 12 8 44 43 45 87 18 70 13 79 46 39 7 87 64 73 35 62 91 52 94 15 93 24 56 9 67 90 72 12 98 5 77 12 96 84 16 77 82 99 15 36 27 72 73 42 42 42 39 61 31 3 97 30 1 23 59 94 87 32 39 35 43 58 63 95 73 81 89 25 18 68 61 0 26 57 74 77 2 13 54 85 61 45 40 56 90 68 65 42 96 47 19 46 87 94 11 34 57 32 4 21 35 67 96 25 75 40 73 88 7 34 
78 42 71 16 87 10 10 18 56 89 88 44 36 87 45 74 37 31 47 85 42 10 84 24 64 21 57 68 1 38 26 2 54 69 99 73 50 70 79 20 57 13 8 35 32 4 85 59 58 78 30 34 33 3 51 59 36 14 55 35 85 70 57 94 12 86 54 47 28 83 44 15 34 41 32 60 80 50 82 42 11 19 95 10 86 52 84 97 16 29 8 67 44 31 91 82 75 39 88 81 38 26 0 52 84 23 17 16 82 70 70 66 78 64 56 97 70 52 55 10 17 53 26 22 58 26 50 52 47 95 90 33 38 39 4 3 38 6 7 63 
7 65 14 75 46 1 5 82 29 47 2 52 98 2 21 77 7 53 24 28 95 47 80 82 87 56 42 67 48 99 27 82 33 67 40 87 80 62 64 61 22 22 69 60 14 17 55 16 18 66 57 89 27 43 22 98 53 29 62 60 33 58 10 53 71 44 3 60 62 66 38 83 93 75 34 62 30 72 88 43 27 98 8 44 99 35 23 46 91 56 66 29 14 31 90 32 46 89 18 5 98 57 52 0 87 90 44 25 95 67 36 88 87 64 17 95 28 44 11 83 45 37 8 77 43 44 16 75 32 49 87 11 22 92 24 45 25 27 86 27 
53 84 37 13 64 91 78 47 46 59 46 11 80 35 64 88 39 92 66 94 28 61 63 65 22 89 80 75 24 1 2 48 29 23 56 83 68 84 1 7 60 19 87 15 48 54 67 49 47 93 57 47 16 18 94 22 47 4 48 8 27 95 12 31 92 23 13 59 27 7 5 4 37 73 15 83 5 55 53 19 24 36 57 70 23 42 55 38 2 72 79 83 35 16 10 16 76 73 13 58 58 74 84 87 0 43 97 18 76 18 43 53 54 74 88 97 41 7 1 4 80 94 33 35 28 13 84 94 91 6 58 51 35 86 45 96 28 71 90 18 
86 25 24 19 43 22 64 8 93 22 59 95 16 3 22 46 99 42 1 8 33 66 70 82 34 96 45 70 82 76 7 17 6 3 24 13 55 36 55 24 31 46 40 81 19 78 84 4 38 48 68 26 60 16 73 27 9 98 25 76 1 45 85 31 52 72 6 58 69 49 34 10 13 60 89 38 60 70 48 36 68 61 12 98 43 28 50 59 48 46 43 6 36 97 16 89 78 91 76 55 72 77 23 90 43 0 49 66 20 64 27 33 2 85 16 79 83 56 53 57 23 58 76 64 32 44 96 35 76 97 57 2 50 86 41 65 51 57 33 63 
71 21 23 31 23 75 24 18 57 55 22 50 16 18 66 37 32 79 33 15 15 63 68 82 95 2 95 56 91 74 19 69 21 74 17 49 70 36 21 32 46 60 58 13 26 25 88 26 88 77 54 46 57 51 71 23 81 71 24 41 75 4 60 63 6 22 29 16 80 64 41 45 55 58 91 23 32 43 54 64 69 78 51 39 9 18 85 43 96 50 24 64 17 33 93 71 95 94 6 19 92 2 17 44 97 49 0 85 24 71 89 42 39 27 2 1 37 37 42 89 17 69 54 22 93 24 92 50 52 70 54 1 61 13 20 28 13 88 17 70 
3 45 67 60 83 22 96 87 52 1 18 19 95 86 69 88 63 58 13 76 26 22 9 33 32 63 80 66 13 64 35 22 62 2 10 9 82 57 85 92 69 61 74 87 64 65 38 65 88 14 18 31 31 26 77 91 61 29 27 20 20 22 14 22 69 80 22 83 85 12 45 26 89 2 68 48 78 16 49 60 45 26 16 5 21 27 4 29 63 42 25 71 63 85 36 4 6 68 10 98 58 13 16 25 18 66 85 0 97 90 33 95 91 79 7 43 13 33 90 72 75 91 99 79 36 2 30 92 32 42 42 4 66 63 70 7 69 7 46 50 
77 16 93 6 41 34 60 62 5 20 57 11 67 12 93 40 48 46 91 13 14 14 73 94 69 55 87 82 57 58 32 62 8 34 92 84 42 54 24 1 58 13 78 64 87 20 17 29 74 6 13 95 67 64 81 52 4 75 34 69 45 65 49 23 21 98 47 44 76 87 95 49 36 21 11 88 9 37 63 33 74 69 32 38 71 65 54 96 69 41 27 5 96 41 67 69 49 79 44 49 96 54 82 95 76 20 24 97 0 41 52 89 14 24 42 36 19 70 15 61 88 67 23 73 28 11 56 21 71 26 95 25 88 13 70 19 45 12 47 15 
92 31 96 17 45 39 65 65 80 20 34 62 35 94 19 38 63 86 76 62 79 23 44 15 39 11 34 51 82 65 97 30 52 81 31 65 32 23 56 84 20 29 39 86 6 72 8 69 4 23 53 87 28 52 37 59 23 90 84 28 29 32 33 43 53 48 90 11 60 82 32 88 92 98 77 14 92 39 12 94 92 52 62 74 55 51 27 21 36 45 15 30 86 32 9 49 69 86 1 27 91 85 70 67 18 64 71 90 41 0 51 76 65 88 30 64 67 8 1 18 46 61 11 39 53 10 13 42 24 71 58 76 24 55 91 2 51 75 9 65 
22 92 54 96 17 38 83 8 76 86 44 40 84 54 69 7 35 26 26 21 37 28 96 31 72 32 55 49 29 40 81 45 98 8 49 27 83 14 60 72 83 12 32 79 24 63 81 60 51 42 83 26 94 55 69 98 32 16 95 88 4 44 46 57 60 60 94 61 9 59 57 70 95 18 50 24 29 43 11 58 44 42 56 6 52 54 33 23 2 96 74 69 97 35 89 54 69 2 86 27 21 61 70 36 43 27 89 33 52 51 0 70 76 97 87 14 29 62 78 98 30 64 57 86 63 97 8 28 63 74 18 86 86 93 61 31 20 8 3 44 
76 15 10 97 18 44 32 30 32 28 76 7 94 60 17 44 72 74 56 38 25 26 90 39 70 70 16 5 36 15 99 97 51 64 50 53 34 49 41 10 32 14 77 3 20 54 69 60 64 7 94 97 21 28 37 71 96 42 41 6 53 37 20 96 37 72 23 59 3 95 57 94 11 33 20 74 94 40 54 28 83 26 13 34 15 84 1 40 85 5 47 38 66 66 96 35 54 43 89 25 95 45 66 88 53 33 42 95 89 76 70 0 59 17 49 29 63 99 7 75 60 53 9 5 44 75 51 96 22 11 65 67 69 52 91 96 6 37 37 44 
8 20 42 61 89 34 2 56 77 98 99 8 19 83 79 59 43 75 70 63 4 18 77 97 54 96 28 51 81 23 44 67 84 70 38 18 74 22 38 68 71 61 60 10 31 5 16 84 64 16 20 38 49 45 77 28 96 14 19 1 93 87 84 93 3 64 98 51 81 28 99 78 97 2 21 28 88 52 51 77 58 55 82 75 77 22 16 2 76 58 15 99 66 35 80 75 49 54 18 64 6 40 78 87 54 2 39 91 14 65 76 59 0 66 68 26 28 3 47 27 78 45 79 84 78 47 30 49 64 13 60 46 49 67 13 45 69 64 8 4 
78 27 58 44 1 96 85 29 53 22 3 80 75 12 60 2 21 7 6 67 57 33 73 88 13 48 38 57 9 27 52 35 22 6 52 28 10 8 3 66 61 83 82 76 5 5 16 78 61 31 61 7 39 59 45 4 56 2 15 83 58 60 34 38 69 36 51 67 25 31 85 35 88 87 55 3 82 51 71 89 42 92 62 18 3 9 79 1 38 12 36 45 67 75 70 24 11 3 64 33 2 56 64 64 74 85 27 79 24 88 97 17 66 0 30 87 63 63 36 8 43 56 76 97 66 88 49 2 58 81 53 46 96 22 90 74 8 1 15 34 
73 87 89 32 98 42 79 44 39 95 97 13 19 84 57 84 91 3 15 34 94 94 59 1 97 49 6 79 17 16 37 89 10 43 22 43 89 7 35 3 76 60 28 31 8 72 83 5 53 47 58 23 23 80 48 32 11 52 39 45 9 16 84 44 27 30 98 65 63 18 15 76 68 82 74 54 6 11 53 8 4 99 48 9 63 10 54 13 57 55 22 54 85 16 85 10 47 12 27 43 27 90 56 17 88 16 2 7 42 30 87 49 68 30 0 59 79 68 48 54 23 95 58 18 17 7 34 95 16 49 53 95 18 53 31 3 38 51 57 91 
76 8 94 45 83 72 69 99 84 19 91 1 26 4 45 30 51 31 88 58 32 15 69 38 47 11 65 39 7 82 83 87 78 16 1 49 75 78 70 66 34 88 90 33 52 84 21 70 49 93 34 30 65 5 45 11 79 77 64 54 62 40 47 86 22 54 15 34 33 59 28 40 31 35 71 9 68 13 64 6 73 96 72 16 76 13 29 28 62 24 67 50 70 92 55 10 1 75 29 31 8 68 97 95 97 79 1 43 36 64 14 29 26 87 59 0 67 66 87 6 15 12 43 79 15 85 1 4 60 72 93 49 10 8 24 23 99 7 33 88 
77 54 77 25 72 70 55 56 81 68 84 4 18 84 36 49 23 78 3 75 29 86 59 67 41 41 35 11 22 77 9 78 12 36 32 54 96 29 44 48 18 84 40 20 99 70 48 67 52 33 62 84 62 12 52 54 56 84 7 55 11 69 55 96 45 35 82 68 61 44 19 28 67 47 39 6 94 57 50 88 2 80 36 30 28 17 25 6 27 46 79 14 79 9 37 83 87 61 88 3 62 65 70 28 41 83 37 13 19 67 29 63 28 63 79 67 0 69 83 97 12 26 89 94 96 16 94 72 80 68 70 6 42 61 86 18 39 93 2 16 
44 48 83 63 15 71 26 6 75 36 27 52 50 1 40 56 3 79 92 73 77 53 82 43 18 26 43 95 35 93 3 98 68 47 94 93 2 44 91 87 79 3 9 68 67 80 21 74 7 19 89 32 85 37 21 44 19 72 72 89 20 2 73 73 43 14 69 53 96 72 77 14 39 41 36 81 52 72 18 43 51 98 37 53 8 74 83 55 14 61 25 27 65 18 85 9 62 92 2 80 4 42 52 44 7 56 37 33 70 8 62 99 3 63 68 66 69 0 50 24 41 36 75 41 36 50 29 87 31 40 16 89 40 34 81 23 65 87 77 7 
21 61 12 80 37 24 84 51 71 96 27 16 38 94 62 46 64 92 65 6 3 26 64 62 94 73 88 25 48 27 20 39 36 82 19 15 20 85 41 26 97 34 4 77 65 61 59 44 64 30 74 88 88 22 3 25 95 56 53 68 28 15 66 95 43 70 82 59 45 47 13 46 31 22 51 11 94 75 45 65 65 48 96 17 42 26 16 66 79 7 85 74 43 76 81 72 62 90 78 26 30 96 55 11 1 53 42 90 15 1 78 7 47 36 48 87 83 50 0 11 80 29 47 24 44 62 44 65 1 75 97 1 1 32 75 41 12 72 60 76 
31 35 37 22 27 87 28 93 27 30 53 68 21 86 33 9 1 97 99 1 61 61 93 19 79 88 45 40 46 50 63 11 38 24 40 85 12 71 84 20 1 92 15 31 28 98 10 88 94 72 80 98 68 93 47 23 88 10 15 30 99 83 72 2 49 48 22 48 21 36 25 90 45 65 53 71 48 94 29 78 29 11 98 36 22 64 59 26 27 38 24 71 29 61 9 42 46 42 34 11 22 47 10 83 4 57 89 72 61 18 98 75 27 8 54 6 97 24 11 0 6 20 31 95 45 26 70 32 75 30 91 5 59 79 85 85 28 65 1 3 
37 33 17 20 33 40 57 64 58 23 56 82 41 52 68 35 93 43 88 3 60 84 53 1 62 23 91 59 43 89 95 22 42 21 45 46 73 98 61 5 83 10 99 71 96 54 97 84 2 4 33 54 70 10 77 88 78 81 44 22 7 78 57 17 54 91 4 91 86 7 55 19 65 89 42 41 88 99 96 74 20 63 65 66 44 12 26 8 31 72 10 96 1 72 8 88 55 11 81 29 89 19 17 45 80 23 17 75 88 46 30 60 78 43 23 15 12 41 80 6 0 6 19 62 73 65 43 74 89 51 67 48 95 6 41 92 34 80 6 78 
8 20 31 78 2 32 93 53 31 57 8 60 53 92 54 30 6 19 59 5 73 69 38 46 36 50 43 56 26 33 76 17 10 5 50 29 42 29 46 53 42 3 10 9 56 33 56 74 25 1 61 16 67 91 37 16 16 8 80 37 36 69 34 27 5 6 90 24 92 19 49 2 90 19 93 66 41 91 89 46 35 61 24 21 20 48 67 6 46 44 95 44 95 25 25 47 94 57 16 15 60 46 53 37 94 58 69 91 67 61 64 53 45 56 95 12 26 36 29 20 6 0 67 31 16 45 33 76 45 5 16 11 14 72 54 14 57 23 59 48 
46 68 85 34 49 38 9 35 65 11 63 67 24 33 63 1 73 84 25 65 41 90 48 83 59 56 45 1 36 26 26 79 16 24 45 16 24 74 19 71 68 77 76 18 1 88 60 79 23 51 71 84 8 22 46 76 90 28 84 40 54 32 54 2 17 55 73 15 90 45 48 38 17 18 99 36 18 1 50 4 27 99 93 99 80 20 1 59 72 8 47 5 56 90 79 75 16 14 48 33 92 87 26 8 33 76 54 99 23 11 57 9 79 76 58 43 89 75 47 31 19 67 0 64 51 25 48 19 83 15 15 83 20 35 77 67 39 72 54 12 
69 25 58 5 89 39 56 99 39 43 32 16 19 87 76 80 53 90 46 58 16 25 52 95 32 89 53 39 76 99 36 8 94 26 24 34 36 90 69 5 86 44 79 75 44 7 89 63 89 70 19 87 16 13 15 68 55 45 41 54 9 57 60 98 50 98 51 8 8 41 44 69 99 51 13 73 37 84 43 70 73 64 1 39 74 75 61 99 96 20 97 12 25 34 9 70 64 78 78 7 99 94 22 77 35 64 22 79 73 39 86 5 84 97 18 79 94 41 24 95 62 31 64 0 64 41 15 25 80 68 73 31 31 98 86 14 70 82 78 5 
58 84 36 40 23 57 77 84 19 73 80 62 80 85 9 20 10 89 15 36 38 58 24 72 31 4 89 94 27 53 80 54 86 47 37 90 59 7 27 23 63 82 82 67 44 3 8 5 49 41 35 16 26 46 25 24 63 6 22 64 22 38 74 53 21 33 52 32 19 82 62 21 76 17 84 66 48 26 38 77 87 71 66 91 94 26 86 20 81 44 90 49 27 65 10 98 17 19 74 72 59 11 58 43 28 32 93 36 28 53 63 44 78 66 17 15 96 36 44 45 73 16 51 64 0 26 60 27 24 62 39 89 83 85 14 89 91 73 48 52 
83 95 42 68 35 88 47 78 96 32 93 65 52 82 35 5 95 57 78 31 8 64 71 71 49 29 58 86 54 61 63 54 77 32 82 71 30 54 61 63 35 18 65 49 91 41 26 73 35 36 74 79 95 98 85 55 75 47 61 17 87 30 69 60 20 13 20 63 49 48 8 31 68 32 59 52 52 22 23 97 26 6 97 13 39 43 68 68 15 30 1 11 4 80 94 98 66 26 38 96 13 34 26 44 13 44 24 2 11 10 97 75 47 88 7 85 16 50 62 26 65 45 25 41 26 0 98 64 29 28 60 95 79 60 51 11 92 85 23 38 
97 39 82 35 95 29 50 38 42 13 77 20 33 6 34 72 98 43 87 5 83 13 1 97 31 25 81 96 88 78 77 68 30 26 90 15 15 14 46 60 25 89 74 66 63 6 10 41 23 52 39 36 63 29 72 59 51 79 97 96 31 48 50 54 34 28 53 78 77 41 20 84 32 20 29 40 26 69 88 99 24 88 90 5 39 44 18 62 88 62 24 51 19 48 81 56 40 3 25 44 17 57 50 16 84 96 92 30 56 13 8 51 30 49 34 1 94 29 44 70 43 33 48 15 60 98 0 30 13 21 67 53 16 3 42 58 2 98 63 46 
14 48 3 35 22 37 12 90 96 83 47 45 38 12 93 2 12 5 33 76 39 19 24 54 97 21 3 71 75 6 77 78 53 19 70 91 2 73 59 41 98 54 84 17 65 22 11 98 40 16 72 7 28 40 31 67 78 96 23 72 96 70 36 80 65 92 20 4 37 75 47 97 1 80 71 68 76 41 86 27 62 49 75 63 44 98 50 30 39 67 64 94 12 90 91 60 98 97 26 36 3 32 52 75 94 35 50 92 21 42 28 96 49 2 95 4 72 87 65 32 74 76 19 25 27 64 30 0 44 4 48 88 5 40 69 6 72 60 8 34 
11 6 86 43 69 67 9 55 58 8 88 88 31 70 26 9 99 12 92 81 48 27 23 1 97 66 65 74 67 47 75 13 26 12 75 80 50 55 24 70 73 51 16 33 5 4 37 13 19 50 23 2 94 3 94 16 56 70 49 77 69 6 69 56 85 99 60 19 63 73 20 89 24 96 43 28 87 2 20 54 4 73 78 68 10 81 80 98 57 65 24 96 86 34 13 2 37 1 5 46 1 4 47 32 91 76 52 32 71 24 63 22 64 58 16 60 80 31 1 75 89 45 83 80 24 29 13 44 0 58 90 58 72 29 48 5 62 52 2 91 
24 80 94 79 68 11 62 5 49 88 71 62 41 10 68 27 41 25 73 15 61 78 88 43 21 88 74 56 78 65 71 87 87 54 86 66 95 90 2 71 13 76 65 18 7 12 40 19 64 9 16 9 19 48 96 92 67 51 86 63 13 35 72 76 46 70 24 9 55 58 80 12 84 41 25 52 66 7 5 78 54 79 89 54 2 55 74 90 90 21 8 2 96 68 67 9 85 98 16 93 72 21 95 49 6 97 70 42 26 71 74 11 13 81 49 72 68 40 75 30 51 5 15 68 62 28 21 4 58 0 75 25 41 97 37 52 88 84 68 3 
82 64 37 83 49 85 75 44 43 9 70 22 51 47 2 41 92 23 39 3 61 26 60 41 7 10 96 16 61 11 48 86 38 46 69 14 40 51 41 24 51 7 53 78 25 80 21 55 75 68 55 83 91 71 12 27 37 65 72 73 52 28 52 96 35 18 59 45 31 59 59 42 78 31 5 37 12 15 40 8 22 56 88 10 88 83 19 62 16 36 29 53 11 53 30 64 21 87 95 29 32 35 90 87 58 57 54 42 95 58 18 65 60 53 53 93 70 16 97 91 67 16 15 73 39 60 67 48 90 75 0 68 65 28 21 28 15 18 77 92 
8 88 47 39 19 1 24 12 53 62 56 1 74 75 99 90 77 7 84 53 49 1 9 40 75 12 50 97 53 98 79 29 16 7 62 27 28 49 14 77 64 37 48 59 24 68 83 36 89 66 28 12 85 51 51 25 63 88 96 22 23 64 97 85 36 31 77 94 3 85 95 76 90 54 91 69 91 21 24 31 84 42 49 26 18 39 41 50 76 75 65 59 66 94 67 80 67 29 55 28 43 67 33 11 51 2 1 4 25 76 86 67 46 46 95 49 6 89 1 5 48 11 83 31 89 95 53 88 58 25 68 0 11 90 59 75 8 40 3 68 
25 33 81 49 98 17 89 30 23 24 93 64 69 94 9 33 88 5 21 55 83 23 3 25 36 22 32 50 50 2 32 14 23 21 44 52 58 39 78 32 65 95 27 12 28 7 76 20 18 35 24 79 74 19 73 6 37 61 38 74 21 63 7 29 89 34 36 90 4 4 61 73 10 66 25 8 17 34 27 65 95 98 5 22 15 20 92 96 32 2 49 68 91 54 25 79 46 91 26 16 59 96 38 22 35 50 61 66 88 24 86 69 49 96 18 10 42 40 1 59 95 14 20 31 83 79 16 5 72 41 65 11 0 57 44 98 33 61 25 2 
75 43 28 82 12 31 90 77 65 35 99 95 81 33 90 71 62 80 25 16 9 15 19 41 37 59 32 56 37 57 34 62 92 6 47 24 20 58 63 59 34 17 54 67 31 76 29 32 8 35 27 81 80 92 69 27 14 33 85 19 94 12 85 55 25 58 73 68 7 30 54 6 28 51 86 27 90 74 11 71 30 89 57 35 58 7 78 52 55 97 15 97 13 79 38 48 46 3 33 10 29 25 39 92 86 86 13 63 13 55 93 52 67 22 53 8 61 34 32 79 6 72 35 98 85 60 3 40 29 97 28 90 57 0 26 64 15 11 59 48 
93 75 73 6 12 4 83 90 71 95 88 85 16 39 28 97 3 29 72 97 86 75 4 93 74 88 42 7 61 73 44 7 37 68 54 94 33 35 52 28 60 77 17 34 69 47 99 10 28 86 12 93 37 93 95 45 66 88 67 83 33 59 5 14 61 14 71 26 66 58 14 87 40 85 74 39 73 67 20 72 17 30 4 24 94 5 95 73 59 78 77 57 8 68 62 93 66 2 48 95 93 75 4 24 45 41 20 70 70 91 61 91 13 90 31 24 86 81 75 85 41 54 77 86 14 51 42 69 48 37 21 59 44 26 0 39 14 76 43 43 
21 67 29 92 53 79 83 33 62 4 86 2 64 43 30 8 23 54 28 89 69 40 15 73 39 95 40 33 96 92 10 58 46 12 75 11 12 69 95 73 36 99 26 8 26 17 41 71 87 39 61 40 1 37 80 94 53 28 57 55 91 9 24 8 13 3 31 88 77 45 31 44 91 4 29 9 67 26 43 23 23 38 74 21 20 94 62 12 41 26 71 58 60 98 86 62 78 85 8 32 41 40 3 45 96 65 28 7 19 2 31 96 45 74 3 23 18 23 41 85 92 14 67 14 89 11 58 6 5 52 28 75 98 64 39 0 55 41 97 57 
33 89 3 9 77 60 6 51 61 56 75 85 65 64 90 39 83 31 38 1 40 76 80 32 72 65 15 30 48 57 57 46 67 45 13 73 52 66 48 31 20 63 8 7 94 64 86 30 79 3 31 7 13 83 63 81 27 45 51 75 96 54 22 16 82 74 81 21 11 26 29 38 18 29 88 82 32 48 64 48 17 1 73 50 42 58 81 74 35 49 30 72 52 58 47 13 8 94 59 54 32 73 38 25 28 51 13 69 45 51 20 6 69 8 38 99 39 65 12 28 34 57 39 70 91 92 2 72 62 88 15 8 33 15 14 55 0 99 70 1 
13 99 14 41 69 54 43 52 97 69 16 61 92 24 78 82 94 22 96 60 64 20 68 5 57 79 3 94 70 22 87 62 4 45 36 52 88 52 62 19 7 23 25 5 51 5 84 33 3 46 62 27 24 74 49 82 73 45 66 74 2 37 36 84 37 35 90 1 36 61 3 98 76 16 98 11 7 98 90 65 60 95 72 99 43 4 84 43 70 91 50 93 77 81 91 36 39 57 47 71 75 88 6 27 71 57 88 7 12 75 8 37 64 1 51 7 93 87 72 65 80 23 72 82 73 85 98 60 52 84 18 40 61 11 76 41 99 0 17 51 
66 31 42 70 46 70 47 43 28 16 15 77 21 41 11 30 99 28 83 63 55 10 35 30 72 88 48 79 35 87 47 52 59 27 18 30 86 25 58 57 24 71 5 63 68 20 6 86 51 59 98 74 98 57 83 68 90 44 89 4 38 75 60 35 39 52 52 38 67 9 76 76 63 74 57 64 14 2 34 92 33 1 14 53 79 91 4 99 31 88 73 71 23 54 49 35 20 7 76 22 35 7 7 86 90 33 17 46 47 9 3 37 8 15 57 33 2 77 60 1 6 59 54 78 48 23 63 8 2 68 77 3 25 59 43 97 70 17 0 49 
95 18 37 6 65 50 22 24 1 25 57 23 55 64 62 4 48 6 17 2 14 72 82 36 68 72 36 20 62 38 38 94 96 86 12 20 65 86 65 45 97 70 10 1 3 41 11 95 17 18 74 77 10 66 36 58 93 25 21 31 25 13 40 52 16 16 63 72 66 49 93 40 38 42 15 16 39 22 86 97 43 76 76 98 96 91 2 79 3 95 35 1 34 28 31 17 53 66 62 67 41 34 63 27 18 63 70 50 15 65 44 44 4 34 91 88 16 7 76 3 78 48 12 5 52 38 46 34 91 3 92 68 2 48 43 57 1 51 49 0 
