30
0 38 13 73 10 76 6 80 65 17 2 77 72 7 26 51 21 19 85 12 29 30 15 51 69 88 88 95 97 87 
38 0 14 10 8 64 62 23 58 2 1 61 82 9 89 14 48 73 31 72 4 71 22 50 58 4 69 25 44 77 
13 14 0 27 53 81 42 83 16 65 69 26 99 88 8 27 26 23 10 68 24 28 38 58 84 39 9 33 35 11 
73 10 27 0 24 16 88 26 72 93 75 63 47 33 89 24 56 66 78 4 1 78 7 53 86 71 3 77 92 22 
10 8 53 24 0 76 8 78 73 76 77 44 21 31 37 8 46 69 58 83 97 14 11 24 82 8 25 75 93 21 
76 64 81 16 76 0 33 13 66 95 61 25 83 98 3 93 99 11 55 97 83 87 71 67 72 49 55 16 6 18 
6 62 42 88 8 33 0 43 21 49 23 14 98 54 85 11 97 56 62 57 90 22 97 84 26 15 14 85 44 7 
80 23 83 26 78 13 43 0 78 57 60 16 25 10 67 72 54 70 37 22 41 78 92 50 48 78 41 79 46 88 
65 58 16 72 73 66 21 78 0 17 29 46 68 67 79 47 1 30 64 76 36 54 94 34 3 85 84 49 55 33 
17 2 65 93 76 95 49 57 17 0 29 56 83 32 29 95 75 9 33 9 85 78 51 80 42 65 84 25 21 45 
2 1 69 75 77 61 23 60 29 29 0 16 31 92 15 20 27 87 8 54 48 61 35 33 20 68 25 84 95 39 
77 61 26 63 44 25 14 16 46 56 16 0 48 6 80 64 88 33 43 75 67 89 99 31 18 69 65 61 79 18 
72 82 99 47 21 83 98 25 68 83 31 48 0 40 36 82 29 23 39 42 75 78 71 26 49 51 63 45 55 1 
7 9 88 33 31 98 54 10 67 32 92 6 40 0 87 17 20 10 93 52 11 69 24 15 64 22 47 4 57 89 
26 89 8 89 37 3 85 67 79 29 15 80 36 87 0 81 47 55 80 72 15 78 16 26 54 85 59 86 30 45 
51 14 27 24 8 93 11 72 47 95 20 64 82 17 81 0 38 23 92 55 77 13 60 27 77 72 88 40 44 77 
21 48 26 56 46 99 97 54 1 75 27 88 29 20 47 38 0 39 92 70 99 34 44 27 57 70 74 53 90 28 
19 73 23 66 69 11 56 70 30 9 87 33 23 10 55 23 39 0 44 2 83 95 97 27 85 31 65 23 99 53 
85 31 10 78 58 55 62 37 64 33 8 43 39 93 80 92 92 44 0 4 71 13 40 84 49 62 71 14 37 24 
12 72 68 4 83 97 57 22 76 9 54 75 42 52 72 55 70 2 4 0 23 67 93 96 54 10 42 58 89 94 
29 4 24 1 97 83 90 41 36 85 48 67 75 11 15 77 99 83 71 23 0 77 83 12 37 17 31 85 58 36 
30 71 28 78 14 87 22 78 54 78 61 89 78 69 78 13 34 95 13 67 77 0 42 82 3 86 94 37 47 81 
15 22 38 7 11 71 97 92 94 51 35 99 71 24 16 60 44 97 40 93 83 42 0 28 73 29 3 14 42 37 
51 50 58 53 24 67 84 50 34 80 33 31 26 15 26 27 27 27 84 96 12 82 28 0 41 19 98 39 64 47 
69 58 84 86 82 72 26 48 3 42 20 18 49 64 54 77 57 85 49 54 37 3 73 41 0 90 3 99 29 79 
88 4 39 71 8 49 15 78 85 65 68 69 51 22 85 72 70 31 62 10 17 86 29 19 90 0 76 59 43 27 
88 69 9 3 25 55 14 41 84 84 25 65 63 47 59 88 74 65 71 42 31 94 3 98 3 76 0 22 59 17 
95 25 33 77 75 16 85 79 49 25 84 61 45 4 86 40 53 23 14 58 85 37 14 39 99 59 22 0 93 38 
97 44 35 92 93 6 44 46 55 21 95 79 55 57 30 44 90 99 37 89 58 47 42 64 29 43 59 93 0 12 
87 77 11 22 21 18 7 88 33 45 39 18 1 89 45 77 28 53 24 94 36 81 37 47 79 27 17 38 12 0 
