50
0 38 13 73 10 76 6 80 65 17 2 77 72 7 26 51 21 19 85 12 29 30 15 51 69 88 88 95 97 87 14 10 8 64 62 23 58 2 1 61 82 9 89 14 48 73 31 72 4 71 
38 0 22 50 58 4 69 25 44 77 27 53 81 42 83 16 65 69 26 99 88 8 27 26 23 10 68 24 28 38 58 84 39 9 33 35 11 24 16 88 26 72 93 75 63 47 33 89 24 56 
13 22 0 66 78 4 1 78 7 53 86 71 3 77 92 22 76 8 78 73 76 77 44 21 31 37 8 46 69 58 83 97 14 11 24 82 8 25 75 93 21 33 13 66 95 61 25 83 98 3 
73 50 66 0 93 99 11 55 97 83 87 71 67 72 49 55 16 6 18 43 21 49 23 14 98 54 85 11 97 56 62 57 90 22 97 84 26 15 14 85 44 7 78 57 60 16 25 10 67 72 
10 58 78 93 0 54 70 37 22 41 78 92 50 48 78 41 79 46 88 17 29 46 68 67 79 47 1 30 64 76 36 54 94 34 3 85 84 49 55 33 29 56 83 32 29 95 75 9 33 9 
76 4 4 99 54 0 85 78 51 80 42 65 84 25 21 45 16 31 92 15 20 27 87 8 54 48 61 35 33 20 68 25 84 95 39 48 6 80 64 88 33 43 75 67 89 99 31 18 69 65 
6 69 1 11 70 85 0 61 79 18 40 36 82 29 23 39 42 75 78 71 26 49 51 63 45 55 1 87 17 20 10 93 52 11 69 24 15 64 22 47 4 57 89 81 47 55 80 72 15 78 
80 25 78 55 37 78 61 0 16 26 54 85 59 86 30 45 38 23 92 55 77 13 60 27 77 72 88 40 44 77 39 92 70 99 34 44 27 57 70 74 53 90 28 44 2 83 95 97 27 85 
65 44 7 97 22 51 79 16 0 31 65 23 99 53 4 71 13 40 84 49 62 71 14 37 24 23 67 93 96 54 10 42 58 89 94 77 83 12 37 17 31 85 58 36 42 82 3 86 94 37 
17 77 53 83 41 80 18 26 31 0 47 81 28 73 29 3 14 42 37 41 19 98 39 64 47 90 3 99 29 79 76 59 43 27 22 59 17 93 38 12 23 7 97 15 88 76 36 64 33 92 
2 27 86 87 78 42 40 54 65 47 0 50 1 23 98 71 37 19 28 29 53 95 51 47 8 86 17 30 12 62 15 31 9 41 49 31 24 67 93 65 13 18 34 11 29 76 6 82 6 43 
77 53 71 71 92 65 36 85 23 81 50 0 87 53 58 57 79 88 82 11 73 49 20 13 26 78 17 5 89 28 51 69 4 59 13 3 77 97 97 62 16 75 13 19 31 60 6 17 96 97 
72 81 3 67 50 84 82 59 99 28 1 87 0 61 44 32 45 25 63 80 22 20 78 34 5 40 68 35 35 43 79 83 39 49 82 6 92 9 41 70 6 8 79 38 79 34 28 52 78 31 
7 42 77 72 48 25 29 86 53 73 23 53 61 0 44 47 10 68 4 68 55 98 64 81 29 38 65 38 94 19 79 71 93 53 11 33 47 64 94 19 37 30 40 29 55 30 56 91 28 61 
26 83 92 49 78 21 23 30 4 29 98 58 44 44 0 13 18 72 92 8 84 57 52 33 77 63 52 97 31 23 6 92 96 23 77 23 19 94 30 19 53 32 50 99 84 94 46 52 87 16 
51 16 22 55 41 45 39 45 71 3 71 57 32 47 13 0 72 49 29 84 28 44 20 80 71 89 87 12 66 94 16 52 99 87 46 64 43 23 83 41 45 17 18 89 1 98 83 72 15 37 
21 65 76 16 79 16 42 38 13 14 37 79 45 10 18 72 0 27 33 2 49 89 23 35 95 22 69 68 49 19 98 12 12 53 77 69 46 65 90 41 8 8 34 59 8 35 5 6 62 51 
19 69 8 6 46 31 75 23 40 42 19 88 25 68 72 49 27 0 77 46 97 22 93 72 93 26 98 2 14 39 86 28 39 85 34 2 32 39 29 76 32 52 67 68 33 75 33 98 6 1 
85 26 78 18 88 92 78 92 84 37 28 82 63 4 92 29 33 77 0 38 73 44 25 17 97 97 42 25 22 28 47 36 63 69 63 33 46 89 43 58 26 33 34 7 66 52 32 8 14 4 
12 99 73 43 17 15 71 55 49 41 29 11 80 68 8 84 2 46 38 0 29 16 30 67 62 84 97 59 83 35 31 58 97 50 47 84 42 21 41 51 5 10 1 91 22 75 22 34 39 38 
29 88 76 21 29 20 26 77 62 19 53 73 22 55 84 28 49 97 73 29 0 44 34 96 42 72 70 71 24 87 40 32 38 39 57 88 29 37 67 11 85 1 17 31 4 79 60 54 70 50 
30 8 77 49 46 27 49 13 71 98 95 49 20 98 57 44 89 22 44 16 44 0 75 47 28 34 73 69 40 33 98 8 34 63 15 78 44 62 86 37 13 54 27 83 13 26 2 42 56 56 
15 27 44 23 68 87 51 60 14 39 51 20 78 64 52 20 23 93 25 30 34 75 0 65 16 93 41 61 71 50 51 33 91 21 53 39 66 81 58 53 90 20 95 65 43 48 22 98 2 90 
51 26 21 14 67 8 63 27 37 64 47 13 34 81 33 80 35 72 17 67 96 47 65 0 39 13 19 78 78 89 91 84 40 99 16 38 97 37 99 2 33 31 8 51 51 33 44 42 70 2 
69 23 31 98 79 54 45 77 24 47 8 26 5 29 77 71 95 93 97 62 42 28 16 39 0 98 52 31 83 50 82 83 96 72 22 19 47 45 92 10 5 78 64 24 96 60 65 83 32 2 
88 10 37 54 47 48 55 72 23 90 86 78 40 38 63 89 22 26 97 84 72 34 93 13 98 0 85 79 69 55 26 84 28 57 93 9 56 77 47 50 12 9 62 75 24 89 90 83 83 6 
88 68 8 85 1 61 1 88 67 3 17 17 68 65 52 87 69 98 42 97 70 73 41 19 52 85 0 43 47 22 52 74 43 14 19 24 46 96 53 34 55 15 58 62 41 73 66 23 3 87 
95 24 46 11 30 35 87 40 93 99 30 5 35 38 97 12 68 2 25 59 71 69 61 78 31 79 43 0 2 73 52 72 88 78 63 49 1 43 40 4 58 44 54 44 75 99 98 76 60 67 
97 28 69 97 64 33 17 44 96 29 12 89 35 94 31 66 49 14 22 83 24 40 71 78 83 69 47 2 0 75 92 6 27 68 32 12 4 55 2 14 60 57 82 9 39 5 71 77 74 6 
87 38 58 56 76 20 20 77 54 79 62 28 43 19 23 94 19 39 28 35 87 33 50 89 50 55 22 73 75 0 80 85 60 32 91 8 67 33 47 76 83 45 65 38 48 74 91 85 16 66 
14 58 83 62 36 68 10 39 10 76 15 51 79 79 6 16 98 86 47 31 40 98 51 91 82 26 52 52 92 80 0 53 70 67 90 29 20 18 6 80 11 30 18 82 47 8 18 87 62 65 
10 84 97 57 54 25 93 92 42 59 31 69 83 71 92 52 12 28 36 58 32 8 33 84 83 84 74 72 6 85 53 0 8 30 56 29 44 99 56 6 51 93 64 53 35 99 84 78 38 90 
8 39 14 90 94 84 52 70 58 43 9 4 39 93 96 99 12 39 63 97 38 34 91 40 96 28 43 88 27 60 70 8 0 55 5 44 12 30 77 90 33 51 52 43 24 90 44 89 96 29 
64 9 11 22 34 95 11 99 89 27 41 59 49 53 23 87 53 85 69 50 39 63 21 99 72 57 14 78 68 32 67 30 55 0 65 87 59 89 52 23 11 32 10 7 31 68 19 13 74 75 
62 33 24 97 3 39 69 34 94 22 49 13 82 11 77 46 77 34 63 47 57 15 53 16 22 93 19 63 32 91 90 56 5 65 0 92 66 86 54 43 7 10 37 88 60 9 54 88 19 22 
23 35 82 84 85 48 24 44 77 59 31 3 6 33 23 64 69 2 33 84 88 78 39 38 19 9 24 49 12 8 29 29 44 87 92 0 68 15 21 86 10 43 67 21 17 59 78 43 36 76 
58 11 8 26 84 6 15 27 83 17 24 77 92 47 19 43 46 32 46 42 29 44 66 97 47 56 46 1 4 67 20 44 12 59 66 68 0 29 86 35 45 93 83 9 31 65 78 19 39 12 
2 24 25 15 49 80 64 57 12 93 67 97 9 64 94 23 65 39 89 21 37 62 81 37 45 77 96 43 55 33 18 99 30 89 86 15 29 0 57 53 84 77 69 26 70 32 60 63 30 67 
1 16 75 14 55 64 22 70 37 38 93 97 41 94 30 83 90 29 43 41 67 86 58 99 92 47 53 40 2 47 6 56 77 52 54 21 86 57 0 33 72 61 94 73 28 98 94 69 39 61 
61 88 93 85 33 88 47 74 17 12 65 62 70 19 19 41 41 76 58 51 11 37 53 2 10 50 34 4 14 76 80 6 90 23 43 86 35 53 33 0 98 10 68 79 64 21 36 56 29 46 
82 26 21 44 29 33 4 53 31 23 13 16 6 37 53 45 8 32 26 5 85 13 90 33 5 12 55 58 60 83 11 51 33 11 7 10 45 84 72 98 0 93 57 52 5 80 76 32 77 53 
9 72 33 7 56 43 57 90 85 7 18 75 8 30 32 17 8 52 33 10 1 54 20 31 78 9 15 44 57 45 30 93 51 32 10 43 93 77 61 10 93 0 39 84 81 75 71 27 58 31 
89 93 13 78 83 75 89 28 58 97 34 13 79 40 50 18 34 67 34 1 17 27 95 8 64 62 58 54 82 65 18 64 52 10 37 67 83 69 94 68 57 39 0 65 39 19 96 42 96 58 
14 75 66 57 32 67 81 44 36 15 11 19 38 29 99 89 59 68 7 91 31 83 65 51 24 75 62 44 9 38 82 53 43 7 88 21 9 26 73 79 52 84 65 0 49 43 53 23 65 71 
48 63 95 60 29 89 47 2 42 88 29 31 79 55 84 1 8 33 66 22 4 13 43 51 96 24 41 75 39 48 47 35 24 31 60 17 31 70 28 64 5 81 39 49 0 62 61 97 28 1 
73 47 61 16 95 99 55 83 82 76 76 60 34 30 94 98 35 75 52 75 79 26 48 33 60 89 73 99 5 74 8 99 90 68 9 59 65 32 98 21 80 75 19 43 62 0 27 51 21 27 
31 33 25 25 75 31 80 95 3 36 6 6 28 56 46 83 5 33 32 22 60 2 22 44 65 90 66 98 71 91 18 84 44 19 54 78 78 60 94 36 76 71 96 53 61 27 0 66 78 19 
72 89 83 10 9 18 72 97 86 64 82 17 52 91 52 72 6 98 8 34 54 42 98 42 83 83 23 76 77 85 87 78 89 13 88 43 19 63 69 56 32 27 42 23 97 51 66 0 61 83 
4 24 98 67 33 69 15 27 94 33 6 96 78 28 87 15 62 6 14 39 70 56 2 70 32 83 3 60 74 16 62 38 96 74 19 36 39 30 39 29 77 58 96 65 28 21 78 61 0 60 
71 56 3 72 9 65 78 85 37 92 43 97 31 61 16 37 51 1 4 38 50 56 90 2 2 6 87 67 6 66 65 90 29 75 22 76 12 67 61 46 53 31 58 71 1 27 19 83 60 0 
