70
0 38 13 73 10 76 6 80 65 17 2 77 72 7 26 51 21 19 85 12 29 30 15 51 69 88 88 95 97 87 14 10 8 64 62 23 58 2 1 61 82 9 89 14 48 73 31 72 4 71 22 50 58 4 69 25 44 77 27 53 81 42 83 16 65 69 26 99 88 8 
38 0 27 26 23 10 68 24 28 38 58 84 39 9 33 35 11 24 16 88 26 72 93 75 63 47 33 89 24 56 66 78 4 1 78 7 53 86 71 3 77 92 22 76 8 78 73 76 77 44 21 31 37 8 46 69 58 83 97 14 11 24 82 8 25 75 93 21 33 13 
13 27 0 66 95 61 25 83 98 3 93 99 11 55 97 83 87 71 67 72 49 55 16 6 18 43 21 49 23 14 98 54 85 11 97 56 62 57 90 22 97 84 26 15 14 85 44 7 78 57 60 16 25 10 67 72 54 70 37 22 41 78 92 50 48 78 41 79 46 88 
73 26 66 0 17 29 46 68 67 79 47 1 30 64 76 36 54 94 34 3 85 84 49 55 33 29 56 83 32 29 95 75 9 33 9 85 78 51 80 42 65 84 25 21 45 16 31 92 15 20 27 87 8 54 48 61 35 33 20 68 25 84 95 39 48 6 80 64 88 33 
10 23 95 17 0 43 75 67 89 99 31 18 69 65 61 79 18 40 36 82 29 23 39 42 75 78 71 26 49 51 63 45 55 1 87 17 20 10 93 52 11 69 24 15 64 22 47 4 57 89 81 47 55 80 72 15 78 16 26 54 85 59 86 30 45 38 23 92 55 77 
76 10 61 29 43 0 13 60 27 77 72 88 40 44 77 39 92 70 99 34 44 27 57 70 74 53 90 28 44 2 83 95 97 27 85 31 65 23 99 53 4 71 13 40 84 49 62 71 14 37 24 23 67 93 96 54 10 42 58 89 94 77 83 12 37 17 31 85 58 36 
6 68 25 46 75 13 0 42 82 3 86 94 37 47 81 28 73 29 3 14 42 37 41 19 98 39 64 47 90 3 99 29 79 76 59 43 27 22 59 17 93 38 12 23 7 97 15 88 76 36 64 33 92 50 1 23 98 71 37 19 28 29 53 95 51 47 8 86 17 30 
80 24 83 68 67 60 42 0 12 62 15 31 9 41 49 31 24 67 93 65 13 18 34 11 29 76 6 82 6 43 87 53 58 57 79 88 82 11 73 49 20 13 26 78 17 5 89 28 51 69 4 59 13 3 77 97 97 62 16 75 13 19 31 60 6 17 96 97 61 44 
65 28 98 67 89 27 82 12 0 32 45 25 63 80 22 20 78 34 5 40 68 35 35 43 79 83 39 49 82 6 92 9 41 70 6 8 79 38 79 34 28 52 78 31 44 47 10 68 4 68 55 98 64 81 29 38 65 38 94 19 79 71 93 53 11 33 47 64 94 19 
17 38 3 79 99 77 3 62 32 0 37 30 40 29 55 30 56 91 28 61 13 18 72 92 8 84 57 52 33 77 63 52 97 31 23 6 92 96 23 77 23 19 94 30 19 53 32 50 99 84 94 46 52 87 16 72 49 29 84 28 44 20 80 71 89 87 12 66 94 16 
2 58 93 47 31 72 86 15 45 37 0 52 99 87 46 64 43 23 83 41 45 17 18 89 1 98 83 72 15 37 27 33 2 49 89 23 35 95 22 69 68 49 19 98 12 12 53 77 69 46 65 90 41 8 8 34 59 8 35 5 6 62 51 77 46 97 22 93 72 93 
77 84 99 1 18 88 94 31 25 30 52 0 26 98 2 14 39 86 28 39 85 34 2 32 39 29 76 32 52 67 68 33 75 33 98 6 1 38 73 44 25 17 97 97 42 25 22 28 47 36 63 69 63 33 46 89 43 58 26 33 34 7 66 52 32 8 14 4 29 16 
72 39 11 30 69 40 37 9 63 40 99 26 0 30 67 62 84 97 59 83 35 31 58 97 50 47 84 42 21 41 51 5 10 1 91 22 75 22 34 39 38 44 34 96 42 72 70 71 24 87 40 32 38 39 57 88 29 37 67 11 85 1 17 31 4 79 60 54 70 50 
7 9 55 64 65 44 47 41 80 29 87 98 30 0 75 47 28 34 73 69 40 33 98 8 34 63 15 78 44 62 86 37 13 54 27 83 13 26 2 42 56 56 65 16 93 41 61 71 50 51 33 91 21 53 39 66 81 58 53 90 20 95 65 43 48 22 98 2 90 39 
26 33 97 76 61 77 81 49 22 55 46 2 67 75 0 13 19 78 78 89 91 84 40 99 16 38 97 37 99 2 33 31 8 51 51 33 44 42 70 2 98 52 31 83 50 82 83 96 72 22 19 47 45 92 10 5 78 64 24 96 60 65 83 32 2 85 79 69 55 26 
51 35 83 36 79 39 28 31 20 30 64 14 62 47 13 0 84 28 57 93 9 56 77 47 50 12 9 62 75 24 89 90 83 83 6 43 47 22 52 74 43 14 19 24 46 96 53 34 55 15 58 62 41 73 66 23 3 87 2 73 52 72 88 78 63 49 1 43 40 4 
21 11 87 54 18 92 73 24 78 56 43 39 84 28 19 84 0 58 44 54 44 75 99 98 76 60 67 75 92 6 27 68 32 12 4 55 2 14 60 57 82 9 39 5 71 77 74 6 80 85 60 32 91 8 67 33 47 76 83 45 65 38 48 74 91 85 16 66 53 70 
19 24 71 94 40 70 29 67 34 91 23 86 97 34 78 28 58 0 67 90 29 20 18 6 80 11 30 18 82 47 8 18 87 62 65 8 30 56 29 44 99 56 6 51 93 64 53 35 99 84 78 38 90 55 5 44 12 30 77 90 33 51 52 43 24 90 44 89 96 29 
85 16 67 34 36 99 3 93 5 28 83 28 59 73 78 57 44 67 0 65 87 59 89 52 23 11 32 10 7 31 68 19 13 74 75 92 66 86 54 43 7 10 37 88 60 9 54 88 19 22 68 15 21 86 10 43 67 21 17 59 78 43 36 76 29 86 35 45 93 83 
12 88 72 3 82 34 14 65 40 61 41 39 83 69 89 93 54 90 65 0 9 31 65 78 19 39 12 57 53 84 77 69 26 70 32 60 63 30 67 33 72 61 94 73 28 98 94 69 39 61 98 10 68 79 64 21 36 56 29 46 93 57 52 5 80 76 32 77 53 39 
29 26 49 85 29 44 42 13 68 13 45 85 35 40 91 9 44 29 87 9 0 84 81 75 71 27 58 31 65 39 19 96 42 96 58 49 43 53 23 65 71 62 61 97 28 1 27 51 21 27 66 78 19 61 83 60 63 39 24 69 70 62 88 67 20 37 18 22 78 27 
30 72 55 84 23 27 37 18 35 18 17 34 31 33 84 56 75 20 59 31 84 0 33 9 9 21 69 83 55 86 94 75 90 24 95 91 14 12 43 11 89 25 48 69 44 92 14 7 3 68 94 5 29 36 83 78 47 79 7 92 81 21 24 64 72 7 22 65 51 91 
15 93 16 49 39 57 41 34 35 72 18 2 58 98 40 77 99 18 89 65 81 33 0 10 93 68 86 34 72 9 52 34 62 8 60 42 28 52 41 72 46 95 10 89 47 59 22 55 1 20 20 86 28 98 22 95 19 68 36 96 30 23 57 11 43 73 32 13 83 8 
51 75 6 55 42 70 19 11 43 92 89 32 97 8 99 47 98 6 52 78 75 9 10 0 88 9 62 24 35 95 4 56 69 16 25 95 63 27 99 48 88 36 17 88 91 79 88 58 25 56 50 53 25 16 68 74 47 21 67 95 13 26 1 98 99 78 12 91 25 55 
69 63 18 33 75 74 98 29 79 8 1 39 50 34 16 50 76 80 23 19 71 9 93 88 0 48 78 41 60 96 80 90 32 57 34 39 93 21 15 10 68 82 80 4 48 71 43 6 21 58 60 55 78 25 59 80 37 81 59 52 64 74 84 89 83 56 79 71 28 24 
88 47 43 29 78 53 39 76 83 84 98 29 47 63 38 12 60 11 11 39 27 21 68 9 48 0 54 70 69 24 47 40 67 78 27 25 18 88 2 46 59 22 18 57 34 44 76 99 3 97 91 84 27 27 53 56 8 63 32 80 93 77 47 88 71 70 56 93 99 88 
88 33 21 56 71 90 64 6 39 57 83 76 84 15 97 9 67 30 32 12 58 69 86 62 78 54 0 86 75 16 15 57 88 2 85 76 77 91 19 63 46 66 53 29 88 39 21 98 52 60 95 65 15 98 53 45 17 65 31 83 11 46 89 79 60 98 43 65 6 91 
95 89 49 83 26 28 47 82 49 52 72 32 42 78 37 62 75 18 10 57 31 83 34 24 41 70 86 0 77 56 43 21 89 69 19 93 50 84 16 18 62 8 65 56 3 91 5 17 78 69 31 53 85 37 99 60 32 36 33 51 52 6 34 1 10 32 36 89 61 39 
97 24 23 32 49 44 90 6 82 33 15 52 21 44 99 75 92 82 7 53 65 55 72 35 60 69 75 77 0 12 45 44 8 63 57 97 94 53 25 44 52 11 95 50 19 11 62 40 7 8 80 13 1 4 52 16 68 82 60 67 16 62 65 20 45 88 62 22 1 64 
87 56 14 29 51 2 3 43 6 77 37 67 41 62 2 24 6 47 31 84 39 86 9 95 96 24 16 56 12 0 95 85 2 85 61 77 23 15 25 47 33 81 71 55 25 78 90 36 58 32 40 15 94 49 14 20 16 98 42 36 26 52 35 23 34 62 79 8 33 4 
14 66 98 95 63 83 99 87 92 63 27 68 51 86 33 89 27 8 68 77 19 94 52 4 80 47 15 43 45 95 0 68 96 58 97 47 90 22 93 85 59 65 41 79 79 63 63 48 28 72 43 15 94 52 19 79 11 36 50 94 80 90 5 6 87 30 54 81 73 30 
10 78 54 75 45 95 29 53 9 52 33 33 5 37 31 90 68 18 19 69 96 75 34 56 90 40 57 21 44 85 68 0 39 79 55 43 65 69 45 85 74 51 81 51 36 73 16 40 3 36 98 80 16 16 95 67 35 84 94 19 75 19 26 18 50 38 21 41 53 24 
8 4 85 9 55 97 79 58 41 97 2 75 10 13 8 83 32 87 13 26 42 90 62 69 32 67 88 89 8 2 96 39 0 19 80 52 33 38 31 41 51 74 69 81 16 64 65 92 21 55 24 7 25 1 49 81 29 89 2 74 22 1 77 33 41 82 84 31 88 54 
64 1 11 33 1 27 76 57 70 31 49 33 1 54 51 83 12 62 74 70 96 24 8 16 57 78 2 69 63 85 58 79 19 0 34 83 23 4 35 50 89 71 38 34 13 38 80 66 7 80 93 4 33 86 45 30 47 68 67 29 58 85 44 95 94 21 53 32 26 64 
62 78 97 9 87 85 59 79 6 23 89 98 91 27 51 6 4 65 75 32 58 95 60 25 34 27 85 19 57 61 97 55 80 34 0 53 60 18 23 55 14 31 24 51 22 72 4 24 13 78 8 53 31 27 9 97 85 82 74 40 57 61 26 66 96 28 19 87 2 35 
23 7 56 85 17 31 43 88 8 6 23 6 22 83 33 43 55 8 92 60 49 91 42 95 39 25 76 93 97 77 47 43 52 83 53 0 3 18 86 12 94 54 60 83 12 84 4 84 1 94 86 52 92 33 87 85 82 6 12 70 10 47 75 94 33 39 43 64 24 41 
58 53 62 78 20 65 27 82 79 92 35 1 75 13 44 47 2 30 66 63 43 14 28 63 93 18 77 50 94 23 90 65 33 23 60 3 0 64 64 32 19 41 6 93 80 83 75 41 26 69 50 83 87 47 14 22 81 82 95 50 52 15 31 11 86 5 8 55 60 85 
2 86 57 51 10 23 22 11 38 96 95 38 22 26 42 22 14 56 86 30 53 12 52 27 21 88 91 84 53 15 22 69 38 4 18 18 64 0 99 42 36 57 14 12 53 67 22 82 95 35 62 92 86 61 93 99 92 75 9 76 82 28 26 87 37 15 4 93 85 73 
1 71 90 80 93 99 59 73 79 23 22 73 34 2 70 52 60 29 54 67 23 43 41 99 15 2 19 16 25 25 93 45 31 35 23 86 64 99 0 44 9 56 18 61 33 99 84 28 96 53 51 81 92 80 27 38 25 57 41 53 39 20 45 21 64 22 66 69 93 19 
61 3 22 42 52 53 17 49 34 77 69 44 39 42 2 74 57 44 43 33 65 11 72 48 10 46 63 18 44 47 85 85 41 50 55 12 32 42 44 0 69 17 79 60 57 45 36 40 62 33 68 54 63 76 9 35 34 93 26 68 2 99 9 90 28 30 90 78 11 62 
82 77 97 65 11 4 93 20 28 23 68 25 38 56 98 43 82 99 7 72 71 89 46 88 68 59 46 62 52 33 59 74 51 89 14 94 19 36 9 69 0 17 80 75 77 98 1 31 4 82 65 39 68 31 22 27 96 11 70 34 37 10 1 56 70 11 4 40 78 38 
9 92 84 84 69 71 38 13 52 19 49 17 44 56 52 14 9 56 10 61 62 25 95 36 82 22 66 8 11 81 65 51 74 71 31 54 41 57 56 17 17 0 17 26 47 8 44 1 57 15 56 56 53 79 98 54 61 1 15 61 67 96 40 72 8 17 67 62 70 51 
89 22 26 25 24 13 12 26 78 94 19 97 34 65 31 19 39 6 37 94 61 48 10 17 80 18 53 65 95 71 41 81 69 38 24 60 6 14 18 79 80 17 0 59 80 15 78 13 12 80 96 35 7 70 86 45 71 73 13 47 83 8 30 61 83 74 47 87 85 98 
14 76 15 21 15 40 23 78 31 30 98 97 96 16 83 24 5 51 88 73 97 69 89 88 4 57 29 56 50 55 79 51 81 34 51 83 93 12 61 60 75 26 59 0 48 89 74 77 88 46 37 88 40 38 7 44 59 2 84 30 49 56 46 9 35 30 1 80 20 5 
48 8 14 45 64 84 7 17 44 19 12 42 42 93 50 46 71 93 60 28 28 44 47 91 48 34 88 3 19 25 79 36 16 13 22 12 80 53 33 57 77 47 80 48 0 72 2 9 27 41 90 33 71 97 8 39 82 30 4 75 51 92 17 50 43 71 9 32 26 35 
73 78 85 16 22 49 97 5 47 53 12 25 72 41 82 96 77 64 9 98 1 92 59 79 71 44 39 91 11 78 63 73 64 38 72 84 83 67 99 45 98 8 15 89 72 0 55 98 97 71 6 64 95 25 47 21 23 1 70 23 28 26 65 46 39 58 53 53 33 70 
31 73 44 31 47 62 15 89 10 32 53 22 70 61 83 53 74 53 54 94 27 14 22 88 43 76 21 5 62 90 63 16 65 80 4 4 75 22 84 36 1 44 78 74 2 55 0 80 6 34 65 54 54 54 13 81 97 34 52 56 81 55 13 86 11 82 79 72 85 30 
72 76 7 92 4 71 88 28 68 50 77 28 71 71 96 34 6 35 88 69 51 7 55 58 6 99 98 17 40 36 48 40 92 66 24 84 41 82 28 40 31 1 13 77 9 98 80 0 13 64 8 71 83 64 65 45 70 76 89 35 15 60 89 34 25 4 42 31 23 54 
4 77 78 15 57 14 76 51 4 99 69 47 24 50 72 55 80 99 19 39 21 3 1 25 21 3 52 78 7 58 28 3 21 7 13 1 26 95 96 62 4 57 12 88 27 97 6 13 0 97 92 92 83 98 37 7 39 99 32 63 48 63 35 72 43 21 91 51 23 3 
71 44 57 20 89 37 36 69 68 84 46 36 87 51 22 15 85 84 22 61 27 68 20 56 58 97 60 69 8 32 72 36 55 80 78 94 69 35 53 33 82 15 80 46 41 71 34 64 97 0 64 1 93 6 73 53 10 95 98 12 99 41 92 77 88 62 3 23 83 94 
22 21 60 27 81 24 64 4 55 94 65 63 40 33 19 58 60 78 68 98 66 94 20 50 60 91 95 31 80 40 43 98 24 93 8 86 50 62 51 68 65 56 96 37 90 6 65 8 92 64 0 99 48 30 96 99 81 2 76 2 53 93 65 76 79 63 77 49 37 50 
50 31 16 87 47 23 33 59 98 46 90 69 32 91 47 62 32 38 15 10 78 5 86 53 55 84 65 53 13 15 15 80 7 4 53 52 83 92 81 54 39 56 35 88 33 64 54 71 92 1 99 0 15 74 22 33 72 1 47 25 81 38 17 53 69 93 91 8 61 10 
58 37 25 8 55 67 92 13 64 52 41 63 38 21 45 41 91 90 21 68 19 29 28 25 78 27 15 85 1 94 94 16 25 33 31 92 87 86 92 63 68 53 7 40 71 95 54 83 83 93 48 15 0 35 64 67 69 14 67 92 1 35 71 17 38 18 39 83 15 38 
4 8 10 54 80 93 50 3 81 87 8 33 39 53 92 73 8 55 86 79 61 36 98 16 25 27 98 37 4 49 52 16 1 86 27 33 47 61 80 76 31 79 70 38 97 25 54 64 98 6 30 74 35 0 63 1 34 50 78 32 58 59 74 77 29 77 54 59 32 95 
69 46 67 48 72 96 1 77 29 16 8 46 57 39 10 66 67 5 10 64 83 83 22 68 59 53 53 99 52 14 19 95 49 45 9 87 14 93 27 9 22 98 86 7 8 47 13 65 37 73 96 22 64 63 0 14 39 92 88 60 47 63 87 62 40 72 3 60 26 58 
25 69 72 61 15 54 23 97 38 72 34 89 88 66 5 23 33 44 43 21 60 78 95 74 80 56 45 60 16 20 79 67 81 30 97 85 22 99 38 35 27 54 45 44 39 21 81 45 7 53 99 33 67 1 14 0 33 31 53 92 42 79 58 46 86 26 74 75 7 3 
44 58 54 35 78 10 98 97 65 49 59 43 29 81 78 3 47 12 67 36 63 47 19 47 37 8 17 32 68 16 11 35 29 47 85 82 81 92 25 34 96 61 71 59 82 23 97 70 39 10 81 72 69 34 39 33 0 31 78 79 92 97 43 19 84 90 89 57 43 5 
77 83 70 33 16 42 71 62 38 29 8 58 37 58 64 87 76 30 21 56 39 79 68 21 81 63 65 36 82 98 36 84 89 68 82 6 82 75 57 93 11 1 73 2 30 1 34 76 99 95 2 1 14 50 92 31 31 0 12 25 23 7 5 80 29 54 31 22 28 6 
27 97 37 20 26 58 37 16 94 84 35 26 67 53 24 2 83 77 17 29 24 7 36 67 59 32 31 33 60 42 50 94 2 67 74 12 95 9 41 26 70 15 13 84 4 70 52 89 32 98 76 47 67 78 88 53 78 12 0 36 73 83 49 52 95 25 77 41 86 29 
53 14 22 68 54 89 19 75 19 28 5 33 11 90 96 73 45 90 59 46 69 92 96 95 52 80 83 51 67 36 94 19 74 29 40 70 50 76 53 68 34 61 47 30 75 23 56 35 63 12 2 25 92 32 60 92 79 25 36 0 41 48 24 29 85 90 38 6 24 69 
81 11 41 25 85 94 28 13 79 44 6 34 85 20 60 52 65 33 78 93 70 81 30 13 64 93 11 52 16 26 80 75 22 58 57 10 52 82 39 2 37 67 83 49 51 28 81 15 48 99 53 81 1 58 47 42 92 23 73 41 0 21 14 57 30 29 92 55 29 64 
42 24 78 84 59 77 29 19 71 20 62 7 1 95 65 72 38 51 43 57 62 21 23 26 74 77 46 6 62 52 90 19 1 85 61 47 15 28 20 99 10 96 8 56 92 26 55 60 63 41 93 38 35 59 63 79 97 7 83 48 21 0 82 61 70 84 73 80 49 53 
83 82 92 95 86 83 53 31 93 80 51 66 17 65 83 88 48 52 36 52 88 24 57 1 84 47 89 34 65 35 5 26 77 44 26 75 31 26 45 9 1 40 30 46 17 65 13 89 35 92 65 17 71 74 87 58 43 5 49 24 14 82 0 93 93 97 58 95 40 91 
16 8 50 39 30 12 95 60 53 71 77 52 31 43 32 78 74 43 76 5 67 64 11 98 89 88 79 1 20 23 6 18 33 95 66 94 11 87 21 90 56 72 61 9 50 46 86 34 72 77 76 53 17 77 62 46 19 80 52 29 57 61 93 0 79 62 58 6 77 26 
65 25 48 48 45 37 51 6 11 89 46 32 4 48 2 63 91 24 29 80 20 72 43 99 83 71 60 10 45 34 87 50 41 94 96 33 86 37 64 28 70 8 83 35 43 39 11 25 43 88 79 69 38 29 40 86 84 29 95 85 30 70 93 79 0 80 94 38 45 61 
69 75 78 6 38 17 47 17 33 87 97 8 79 22 85 49 85 90 86 76 37 7 73 78 56 70 98 32 88 62 30 38 82 21 28 39 5 15 22 30 11 17 74 30 71 58 82 4 21 62 63 93 18 77 72 26 90 54 25 90 29 84 97 62 80 0 16 93 42 64 
26 93 41 80 23 31 8 96 47 12 22 14 60 98 79 1 16 44 35 32 18 22 32 12 79 56 43 36 62 79 54 21 84 53 19 43 8 4 66 90 4 67 47 1 9 53 79 42 91 3 77 91 39 54 3 74 89 31 77 38 92 73 58 58 94 16 0 8 3 47 
99 21 79 64 92 85 86 97 64 66 93 4 54 2 69 43 66 89 45 77 22 65 13 91 71 93 65 89 22 8 81 41 31 32 87 64 55 93 69 78 40 62 87 80 32 53 72 31 51 23 49 8 83 59 60 75 57 22 41 6 55 80 95 6 38 93 8 0 76 53 
88 33 46 88 55 58 17 61 94 94 72 29 70 90 55 40 53 96 93 53 78 51 83 25 28 99 6 61 1 33 73 53 88 26 2 24 60 85 93 11 78 70 85 20 26 33 85 23 23 83 37 61 15 32 26 7 43 28 86 24 29 49 40 77 45 42 3 76 0 67 
8 13 88 33 77 36 30 44 19 16 93 16 50 39 26 4 70 29 83 39 27 91 8 55 24 88 91 39 64 4 30 24 54 64 35 41 85 73 19 62 38 51 98 5 35 70 30 54 3 94 50 10 38 95 58 3 5 6 29 69 64 53 91 26 61 64 47 53 67 0 
