18
0 6 9 6 1 1 2 8 7 3 5 6 3 5 3 5 8 8 
6 0 2 8 1 7 8 7 2 1 2 9 9 4 9 8 4 7 
9 2 0 6 2 4 5 9 2 5 1 4 3 1 5 3 8 8 
6 8 6 0 9 7 4 8 8 5 6 4 7 9 1 3 8 8 
1 1 2 9 0 8 4 1 9 8 8 2 2 4 1 9 7 5 
1 7 4 7 8 0 6 7 3 6 8 9 5 5 8 8 5 1 
2 8 5 4 4 6 0 3 1 8 2 8 9 5 1 2 9 3 
8 7 9 8 1 7 3 0 4 2 3 8 3 7 1 3 7 7 
7 2 2 8 9 3 1 4 0 3 8 8 1 7 6 2 5 7 
3 1 5 5 8 6 8 2 3 0 1 7 6 2 3 2 6 5 
5 2 1 6 8 8 2 3 8 1 0 1 8 9 6 8 1 4 
6 9 4 4 2 9 8 8 8 7 1 0 2 5 5 7 9 9 
3 9 3 7 2 5 9 3 1 6 8 2 0 3 8 6 6 5 
5 4 1 9 4 5 5 7 7 2 9 5 3 0 6 9 6 9 
3 9 5 1 1 8 1 1 6 3 6 5 8 6 0 2 2 9 
5 8 3 3 9 8 2 3 2 2 8 7 6 9 2 0 8 1 
8 4 8 8 7 5 9 7 5 6 1 9 6 6 2 8 0 4 
8 7 8 8 5 1 3 7 7 5 4 9 5 9 9 1 4 0 
